Year	00M2T01C	00M2T02C	00M2T03C	00M2T04C	00M2T05C	00M6T03C	00M6T09C	50B1T11C	50B1T12C	50B1T13C	50B1T14C	50B1T15C	50B4T01C	50B4T03C	50B4T13C	50B5T01C	50B5T02C	50B5T06C	50F05T04C	50F05T07C	50F05T08C	50U2T08C	50U2T09C	50U3T05C	50U3T11C	50U3T13C	50U3T14C	50U3T15C	50U6T02C	50U6T03C	50U6T04C	50U6T09C	50U6T10C	50U6T11C	50U6T12C	50U6T13C	60B1T06C	60B1T07C	60B3T11C	60B3T12C	60B3T13C	60B3T14C	60B3T15C	60B4T11C	60B4T12C	60B4T13C	60B4T14C	60B4T15C	60B5T02C	60B5T03C	60B5T06C	60B5T08C	60B6T04C	60B6T09C	60B6T12C	60B6T13C	60B6T14C	60B6T15C	60F04T22C	60F04T23C	60F04T24C	60M1T01C	60M1T03C	60M1T04C	60M1T07C	60M1T12C	60M4T05C	60M4T09C	60M4T12C	60M4T15C	60M4T16C	60M5T02C	60M5T03C	60M5T06C	60M5T14C	60M5T17C	60M6T02C	60M6T04C	60M6T05C	60M6T06C	60M6T08C	60M6T10C	60M7T01C	60M7T03C	60M7T04C	60M7T09C	60M7T12C	60M8T08C	60M8T09C	60M8T12C	60M8T14C	60M8T15C	70F10T19C	70F10T20C	70F11T11C	70F11T12C	70F11T13C	70F11T15C	70F15T11C	70F15T12C	70F15T13C	70F15T14C	70F15T15C	70F16T14C	70F16T15C	70F16T17C	70F16T18C	70F16T19C	70F32T06C	70F32T09C	70F34T11C	70F34T13C	70F34T15C	70F34T16C	70F34T18C	70F39T22C	70F39T26C	70F39T28C	70F39T29C	80F06T08C	80F06T12C	80F06T13C	80F12T03C	80F12T07C	80F12T08C	80F12T11C	80F12T13C	80F33T18C	80F35T13C	80F35T14C	80F35T15C	80F35T16C	80F35T17C	90U1T03C	90U1T05C	90U1T06C	90U1T07C	90U1T13C	90U1T14C	90U2T01C	90U2T05C	90U2T07C	90U2T10C	90U3T11C	90U3T12C	90U3T13C	90U3T14C	90U3T15C	90U5T04C	90U5T06C	90U5T08C	90U5T09C	90U5T11C	90U5T12C	90U6T08C	90U6T09C	90U6T11C	90U6T13C
1893																																0.90																																																																																																																														
1894																																0.63																																																																																																																														
1895																																0.71																																																																																																																														
1896																																0.70																																																																																																																														
1897																																1.46																																																																																																																														
1898																																0.92																																																																																																																														
1899																																1.16																																																																																																																														
1900																																0.44																																																																																																																														
1901																																0.93																																																																																																																														
1902																																1.21																																																																																																																														
1903																																0.94																																																																																																																														
1904																																0.96																																																																																																																														
1905																																1.48																																																																																																																														
1906																																0.99																																																																																																																														
1907																																1.41																																																																																																																														
1908																																1.81																																																																																																																														
1909																																0.96																																																																																																																														
1910																																1.34																																																																																																																														
1911																																1.46																																																																																																																														
1912																																0.78																																																																																																																														
1913																																0.69																																																																																																																														
1914																																0.95																																																																																																																														
1915																																1.00																																																																																																																														
1916																																0.89																																																																																																																														
1917																																0.54																																																																																																																														
1918																																0.85																																																																																																																														
1919																																0.76																																																																																																																														
1920																																0.66																																																																																																																														
1921																																0.61																																																																																																																														
1922																																0.57																																																																																																																														
1923																																1.06																																																																																																																														
1924																																0.66																																																																																																																														
1925																																0.76																																																																																																																														
1926																																0.75																																																																																																																														
1927																																0.51																																																																																																																														
1928																																0.50																																																																																																																														
1929																																0.75																																																																																																																														
1930																																0.78																																																																																																																														
1931																																0.68	0.43																																																																																																																													
1932																																0.77	0.41																																																																																																																													
1933																																0.57	0.31																																																																																																																													
1934																																0.63	0.35																																																																																																																													
1935																																0.64	0.34																																																																																																																													
1936																																0.65	0.29																																																																																																																													
1937																																0.93	0.29																																																																																																																													
1938																																0.70	0.14																																																																																																																													
1939																																0.60	0.23																																																																																																																													
1940																																0.76	0.36																																												0.77																																																																																	
1941																																0.55	0.24																																												0.88																																																																																	
1942																																1.00	0.40																																												0.85																																																																																	
1943																																0.70	0.29																																												1.10																																																																																	
1944																																0.83	0.34																																												1.08																																																																																	
1945																																0.59	0.47																																												1.23																																																																																	
1946																																0.46	0.30																																												1.01																																																																																	
1947																																0.65	0.31																																												0.65																																																																																	
1948																																0.57	0.32																																												0.72																																																																																	
1949																																0.30	0.22																																												0.79																																																																																	
1950																																0.23	0.15																																												0.66																																																																																	
1951																																0.36	0.27																																												0.59																																																																																	
1952																																0.34	0.26																																												0.54																																																																																	
1953																																0.26	0.20																																												0.57																																																																																	
1954																																0.33	0.19																																												0.55																																																																																	
1955																																0.55	0.34																																												0.56																																																																																	
1956																																0.66	0.55																																												0.73																																																																																	
1957																																0.81	0.39																																												0.80																																																																																	
1958																																0.81	0.34																																												0.58																																																																																	
1959																																1.04	0.36																																												0.66																																																																																	
1960																																0.94	0.54																																												0.76																																																																																	
1961											0.50																					1.00	0.64																																												0.54																																																																																	
1962											0.67																					0.83	0.67																																												0.78																																																																																	
1963											0.12																					0.64	0.63																																												0.93																																																																																	
1964										0.70	0.50																			0.38		0.99	0.71																																												1.08																																																																																	
1965								0.80		0.69	0.70																		0.54	0.21		0.69	0.64		0.65																																										0.92																																																																																	
1966								0.33	0.92	0.64	0.47																		0.29	0.20		0.65	0.59		0.71																																										0.75																																	0.67																																																
1967								0.57	0.37	0.72	0.44																		0.34	0.21		0.35	0.59		1.11																																										0.80																																	0.45																																																
1968								0.97	0.36	0.75	0.68	0.65																	0.31	0.14		0.22	0.42		0.91																																										0.70																																	0.62																																																
1969								0.55	0.38	1.05	0.59	0.43																0.81	0.18	0.15		0.31	0.49	0.78	0.66																																										0.65																																	0.64																																																
1970								0.47	0.36	0.82	0.25	0.31																1.17	0.20	0.11		0.47	0.67	0.91	0.53																																										0.31																																	0.40																																																
1971								1.03	0.47	1.30	0.30	0.25																0.74	0.19	0.08		0.20	0.36	0.95	0.22																																										0.27																																0.80	0.21																																																
1972								0.52	0.41	0.78	0.31	0.43																0.96	0.18	0.10		0.20	0.44	1.03	0.13	0.22																																									0.07																																0.30	0.17																																																
1973								0.46	0.39	0.78	0.32	0.61							0.35		0.39							0.87	0.18	0.10		0.17	0.48	0.93	0.07	0.17																																									0.10																																0.45	0.33																																																
1974								0.28	0.26	0.39	0.27	0.74							0.05		0.59							0.85	0.18	0.10		0.27	0.73	1.07	0.18	0.21																																									0.06																																0.24	0.20																																																
1975								0.64	0.48	0.75	0.50	1.67							0.19		0.56							1.09	0.30	0.16		0.27	0.57	1.46	0.16	0.35																																									0.07																																0.37	0.94																																																
1976								0.72	0.49	0.50	0.32	1.27							0.53		0.57							0.62	0.34	0.11		0.38	0.47	1.19	0.18	0.30																																									0.06																																0.67	0.86																																																
1977								0.78	0.43	0.36	0.25	0.90		0.42					0.71		0.75							0.88	0.19	0.08		0.30	0.44	1.00	0.08	0.24																																									0.09																																0.58	0.89																																																
1978								0.74	0.55	0.51	0.37	0.96		0.27					0.87		0.54							1.47	0.18	0.08		0.30	0.56	1.02	0.13	0.26																																									0.09																																0.51	0.77																																																
1979								0.70	0.52	0.46	0.25	0.79		0.62					0.73		0.58							1.47	0.17	0.07		0.34	0.50	1.40	0.17	0.22																																									0.16																																0.71	0.80																																																
1980								0.53	0.42	0.52	0.24	0.97		0.46		0.60			0.61		0.44							1.18	0.18	0.09		0.23	0.47	1.25	0.28	0.23																																									0.09																																0.68	0.55				1.00																																												
1981								0.55	0.43	0.59	0.21	0.87		1.24		0.60			0.55		0.57							0.85	0.17	0.07		0.65	0.77	0.90	0.55	0.23																																									0.08																																0.91	0.48				0.93																							0.63																					
1982								0.71	0.53	0.82	0.40	1.23		0.77		0.35			0.10		0.34							0.95	0.19	0.06		0.35	0.65	0.98	0.25	0.33																																									0.12																																0.90	0.75		0.92		0.91																							0.33																					
1983								0.74	0.47	0.59	0.37	0.96		0.87		0.38			0.16	1.10	0.38							0.84	0.18	0.08		0.29	0.68	0.98	0.30	0.29																																					1.12				0.10																												0.45				1.34	0.39	0.74	0.49		0.65																							0.47																					
1984	0.44							0.75	0.44	0.78	0.44	0.88		1.34		0.84			0.24	1.36	0.54							0.62	0.20	0.09		0.30	0.66	0.81	0.45	0.26																													1.00								1.25				0.09				0.89																	1.19							0.69				0.68	0.63	0.58	0.73	0.69	0.49																							0.50																					
1985	0.12							0.72	0.31	0.70	0.58	0.87		1.31		0.80			0.15	0.82	0.45							0.99	0.20	0.14		0.22	0.84	0.83	0.59	0.27																													0.69							0.31	1.28				0.07		0.90		0.82											0.78			1.34	1.09		0.87							0.89				0.82	0.65	0.56	0.75	1.72	0.58		0.90																					0.70																					
1986	0.08							0.89	0.43	0.88	0.67	1.09		1.51		1.03			0.30	0.84	0.47							1.44	0.31	0.10		0.29	0.78	0.92	0.82	0.33																										1.03		0.65	0.52	0.61						0.41	1.19	0.76		0.66	0.10		0.62	0.70	0.82	0.53										0.66			1.47	1.45		1.39		0.43					0.96				0.72	0.77	0.57	0.54	2.02	0.65		0.90																					0.64																					
1987	0.09							0.90	0.48	0.69	0.49	0.92	2.78	1.04		1.21			0.38	0.74	0.59							1.75	0.32	0.14		0.23	0.69	0.98	0.97	0.46																										0.45		0.38	0.42	0.35						0.36	0.93	0.58		0.89	0.11	0.74	0.57	0.71	0.79	0.57										0.36			1.43	1.78		1.31		0.83					1.42				0.71	0.65	0.93	0.88	1.27	0.56		0.50																					0.68																					
1988	0.05							0.89	0.41	0.67	0.43	0.74	2.62	1.16		1.00			0.75	1.33	0.60							1.85	0.38	0.16		0.30	0.66	1.06	0.93	0.37																										0.31		0.52	0.38	0.46				0.59		0.42	0.98	0.46		0.87	0.09	0.97	0.62	0.80	0.93	0.64										0.24			1.05	1.49		1.11		0.72					0.90		1.33		0.72	0.76	0.97	0.72	1.07	0.52		0.44																					0.88																					
1989	0.08							0.68	0.39	0.64	0.41	0.60	1.75	0.15		0.83			0.55	1.00	0.61							2.11	0.38	0.19		0.27	0.68	0.87	0.95	0.42																										0.35		0.28	0.43	0.31				0.31	0.47	0.33	0.82	0.30		0.59	0.12	1.04	0.55	0.77	1.20	0.44										0.24			0.79	1.51	0.89	1.12		0.83					0.44		1.02		1.00	0.48	0.82	0.73	0.93	0.25	1.98	0.49							0.55														1.03																					
1990	0.10							0.55	0.42	0.48	0.29	0.69	1.94	0.67		0.33			0.41	1.08	0.64							1.72	0.44	0.17		0.34	0.80	0.81	0.84	0.37																										0.34		0.33	0.41	0.26				0.31	0.29	0.41	0.92	0.40		0.39	0.19	0.72	0.66	0.80	1.25	0.68										0.17			0.85	1.47	1.25	0.99		0.37					0.49		0.87		0.65	0.56	0.51	0.41	0.78	0.55	1.22	0.50							0.34														0.80																					
1991	0.09				0.42			0.74	0.53	0.71	0.52	0.97	2.03	0.55		0.57			0.31	1.15	0.57					0.54		2.15	0.51	0.15		0.26	0.85	1.20	1.47	0.52																										0.52	0.56	0.65	0.38	0.24				0.45	0.43	0.63	1.14	0.77		0.69	0.20	0.25	0.72	0.57	0.98	1.06		0.43								0.25			0.90	1.85	2.52	1.15		0.53					0.55		0.75		0.66	2.37	0.44	0.47	1.11	0.36	1.23	0.85							0.68														1.29																					
1992	0.11	0.30			0.34			0.69	0.41	0.63	0.50	0.68	1.94	0.90		0.82			0.49	1.25	0.71	0.58				0.35		1.79	0.44	0.14		0.29	0.77	0.95	0.90	0.52	0.77	0.75																								0.53	0.34	0.52	0.34	0.26			0.58	0.40	0.46	0.54	1.03	0.88		0.73	0.32	0.45	0.67	0.68	0.89	1.15		0.52								0.22			1.32	3.21	1.71	2.12	1.24	1.15					0.86		1.13		0.98	1.60	0.38	0.94	1.30	0.28	2.40	0.68							0.90														1.32																					
1993	0.08	0.29			0.22			0.74	0.33	0.50	0.46	0.69	2.02	0.76		0.41	0.63		0.80	1.15	1.18	0.23				0.45		1.51	0.24	0.15		0.27	0.70	0.85	1.03	0.70	0.73	0.53																								0.44	0.39	0.57	0.30	0.30		0.38	0.32	0.52	0.48	0.41	1.29	0.73		0.56	0.31	0.44	0.53	0.61	0.76	0.94		0.47								0.39			1.26	2.46	1.21	1.38	1.01	1.34		0.56	0.62		0.82		1.31	1.29	0.77	0.95	0.45	0.69	1.11	0.35	1.71	0.64	1.00						1.06		0.62												1.29																					
1994	0.18	0.36			0.18			0.70	0.37	0.53	0.38	0.61	2.09	0.73		0.75	0.92		0.59	1.42	0.75	0.25				0.59		1.67	0.25	0.12		0.28	0.61	0.90	1.13	0.64	0.53	0.22																								0.41	0.44	0.55	0.58	0.48		0.28	0.31	0.29	0.46	0.36	0.83	0.50	0.68	0.37	0.34	0.63	0.68	0.63	0.83	0.70		0.38								0.39		0.70	1.22	1.98	1.44	1.12	1.19	1.04		0.69	0.49	0.91	0.62		1.12	0.98	0.72	0.90	0.38	0.64	0.85	0.32	1.39	0.89	0.83	0.44	0.77				0.84		0.35												1.59																					
1995	0.14	0.26			0.21			0.47	0.26	0.41	0.24	0.34	1.36	0.53	1.14	0.72	0.62	1.33	0.55	1.23	0.46	0.25				0.49		1.22	0.37	0.23	0.65	0.29	0.65	0.78	0.94	0.43	0.39	0.19					0.65																			0.24	0.28	0.51	0.36	0.31	0.32	0.14	0.15	0.21	0.20	0.36	0.44	0.38	0.49	0.30	0.16	0.88	0.61	0.49	0.39	0.42		0.52								0.38		1.11	1.08	2.18	0.88	1.04	0.63	0.93	0.96	0.91	0.35	0.94	0.49		0.97	0.78	0.98	0.59	0.40	0.73	0.42	0.44	1.64	0.68	0.83	0.61	0.81				1.06		0.28												1.46																					
1996	0.18	0.35	0.30		0.16			0.50	0.41	0.61	0.34	0.57	2.13	0.77	1.47	0.87	0.77	1.89	0.59	1.25	0.63	0.25		0.28		0.63		1.26	0.35	0.14	0.85	0.45	0.75	0.97	1.16	0.52	0.65	0.34					0.35			0.38						0.31										0.56	0.57	0.60	0.51	0.36	0.47	0.37	0.40	0.28	0.34	0.45	0.64	0.67	0.73	0.53	0.24	0.79	0.30	0.94	0.92	0.79		0.51			0.51					0.51		0.81	0.68	1.22	1.82	1.03	1.47	0.32	0.63	0.59	0.17	0.49	0.31	1.11	0.49	0.20	0.79	0.45	0.27	0.41	0.67	0.46	1.04	0.38	0.64	0.28	0.49				1.11		0.26					0.62	0.73	0.43					2.28																					
1997	0.28	0.31	0.34		0.16			0.47	0.43	0.61	0.44	0.65	3.07	1.36	1.58	0.82	0.69	1.57	0.34	1.17	0.53	0.36		0.32		0.76		1.53	0.33	0.20	0.64	0.33	1.09	1.50	1.23	0.62	0.76	0.33					0.71			0.32						0.70										0.87	0.51	0.53	0.69	0.46	0.81	0.63	0.56	0.29	0.43	0.62	1.40	0.93	0.81	0.50	0.43	1.25	0.65	0.72	0.80	0.55	0.69	0.48			0.21					0.67		1.06	1.09	2.21	2.13	0.88	1.22	1.02	1.09	0.97	0.54	0.93	0.57	0.78	0.84	0.70	0.77	0.70	0.45	1.18	0.53	0.57	1.75	0.71	0.80	0.43	0.54			0.18	1.31		0.55					0.50	0.57	0.49					2.20																					
1998	0.22	0.25	0.11		0.13			0.72	0.53	0.75	0.69	0.87	2.82	1.44	1.46	0.86	0.97	1.73	0.82	1.72	1.43	0.39		0.33		0.64		1.88	0.57	0.20	1.00	0.55	1.08	1.49	1.30	1.05	0.69	0.46					0.66			0.41		0.46				0.73										0.72	0.31	0.38	0.49	0.31	0.48	0.52	0.50	0.39	0.66	0.55	0.78	0.85	0.73	0.61	0.41	1.22	0.55	0.90	0.48	0.67	0.27	0.24	0.18		0.16					0.67		0.99	1.45	2.47	1.41	0.79	0.77	1.04	1.07	0.90	0.74	0.92	0.51	1.06	0.76	0.50	0.84	0.68	0.38	0.87	0.38	0.52	2.08	0.57	0.89	0.57	0.66			0.18	1.96		0.87					0.46	0.54	0.55	0.37				2.22																					
1999	0.16	0.30	0.15		0.10			0.82	0.40	0.57	0.43	0.77	2.15	1.40	1.32	0.99	0.83	1.91	0.95	1.23	1.29	0.64	0.52	0.54		0.81		2.68	0.51	0.17	0.73	0.45	1.21	1.19	1.14	1.03	0.55	0.27					0.28			0.60		0.28				0.35			0.43	0.20						0.62	0.35	0.35	0.43	0.19	0.33	0.42	0.30	0.29	0.56	0.42	0.71	0.78	0.57	0.56	0.50	1.21	0.52	0.62	0.44	0.38	0.37	0.34	0.23		0.22					0.35	0.31	0.64	0.91	1.91	1.44	0.51	1.16	0.86	1.05	0.63	0.52	0.83	0.54	1.36	0.72	0.48	0.97	0.60	0.46	0.65	0.57	0.51	1.01	0.50	0.54	0.47	0.49			0.21	1.74		0.69					0.38	0.35	0.35	0.63			0.51	2.24																					
2000	0.18	0.16	0.12		0.14			0.87	0.85	0.69	0.56	0.98	3.11	1.75	1.81	1.19	0.69	1.59	0.58	0.81	1.03	0.63	0.63	0.42	0.71	1.07	0.50	2.67	0.49	0.15	0.55	0.38	1.06	1.42	1.53	1.18	0.39	0.31					0.22			0.72		0.24				0.42			0.34	0.24						0.81	0.86	0.90	0.91	0.63	0.48	0.36	0.63	0.38	0.35	0.55	0.88	0.87	0.87	0.51	0.90	0.71	0.32	0.82	0.46	0.41	0.44	0.43	0.32	0.51	0.31					0.38	0.35	1.10	0.45	1.48	2.29	0.67	1.58	0.76	0.81	0.76	0.45	0.64	0.54	1.00	0.64	0.44	1.14	1.06	0.51	0.85	0.83	0.69	2.22	0.57	0.47	0.49	0.46			0.60	1.52		0.78				0.33	0.31	0.43	0.16	0.46			0.55	2.25																					
2001	0.08	0.29	0.15	0.39	0.17			0.73	0.62	0.64	0.63	0.88	3.51	1.66	1.93	1.39	0.41	1.58	0.64	0.40	1.14	0.71	0.70	0.53	0.67	1.04	0.48	2.62	0.45	0.23	1.03	0.21	1.13	1.38	1.27	1.26	0.33	0.31					0.48			0.88		0.27				0.73			0.46	0.36						0.91	0.69	0.78	0.99	0.52	0.52	0.42	0.67	0.45	0.48	0.67	0.66	1.04	0.77	0.57	0.84	0.64	0.53	0.88	0.38	0.48	0.88	0.36	0.26	0.32	0.33	0.30				0.42	0.73	1.46	1.45	2.98	3.73	1.26	1.52	1.06	1.08	1.04	0.95	0.80	1.03	0.70	0.80	0.48	1.53	1.27	0.61	0.78	0.87	0.66	1.46	0.78	0.57	0.79	0.77	0.38		0.41	2.09	2.15	1.35			1.84	0.37	0.54	0.42	0.30	0.42			0.71	2.35																					
2002	0.09	0.47	0.14	0.26	0.10			0.91	0.67	0.71	0.67	0.70	2.23	1.11	1.05	0.98	0.52	0.83	1.13	1.23	1.34	0.98	0.74	0.73	0.76	1.10	0.47	2.37	0.27	0.29	1.16	0.70	0.87	1.42	1.43	0.97	0.35	0.17					0.58			0.98		0.23		0.24		0.52	0.86		0.41	0.53				0.15		0.55	0.42	0.57	0.83	0.36	0.60	0.26	0.59	0.37	0.59	0.49	0.51	0.62	0.62	0.69	0.78	0.67	0.49	0.64	0.37	0.47	0.78	0.41	0.28	0.33	0.23	0.14	0.76		0.79	0.50	0.63	1.48	1.97	4.08	1.23	1.28	1.07	1.19	1.18	1.24	0.88	1.10	0.96	0.69	0.94	0.64	1.32	0.86	0.81	0.89	0.66	0.41	1.34	0.72	0.57	0.76	0.77	0.26		0.39	1.69	1.80	0.94			0.90	0.49	0.51	0.72	0.37	0.48			0.72	2.82			0.48			0.34															
2003	0.15	0.51	0.33	0.13	0.12			0.91	0.51	0.75	0.84	0.90	3.82	2.01	2.49	1.46	1.41	1.18	1.12	1.44	1.29	0.98	0.77	1.02	0.98	1.16	0.46	2.09	0.44	0.25	1.14	0.51	0.99	1.52	1.86	1.54	0.49	0.31					0.47			0.47		0.42		0.67		0.76	0.66		0.42	0.57	0.41			0.33		0.62	0.58	0.64	0.98	0.50	0.64	0.76	0.62	0.55	0.76	0.67	0.85	0.78	0.83	0.70	0.78	0.40	0.20	1.14	0.71	0.64	0.93	0.22	0.26	0.22	0.27	0.56	0.94		0.71	0.54	0.30	1.19	1.05	2.76	1.52	1.12	1.69	1.03	0.98	0.77	0.70	0.79	0.69	1.24	0.60	0.69	1.28	0.84	0.59	0.71	0.97	0.82	1.25	0.77	0.42	0.44	0.62	0.37		0.63	1.82	1.68	1.04		1.19	0.92	0.75	0.48	0.69	0.31	0.68			0.86	2.78			0.27		0.56	0.42															
2004	0.10	0.32	0.39	0.07	0.04			0.75	0.59	0.65	0.95	0.86	2.71	1.48	2.45	1.29	0.67	0.97	0.94	1.03	0.68	0.77	0.59	0.70	1.13	0.79	0.62	1.68	0.47	0.47	2.99	0.57	0.93	1.45	1.37	1.18	0.60	0.63					0.39			0.54	0.31	0.29		1.31	0.61	0.55	0.19		0.36	0.41	0.39			0.22	0.25	0.56	0.40	0.47	0.75	0.32	0.50	0.22	0.51	0.55	0.56	0.54	0.68	0.80	0.72	0.58	0.93	0.81	0.51	0.70	0.52	0.36	0.67	0.33	0.22	0.26	0.27	0.69	0.82		0.76	0.40	0.47	1.28	1.70	3.35	1.19	1.63	1.24	1.24	1.10	1.33	1.01	1.42	1.16	1.19	0.92	0.97	1.88	0.82	0.99	1.38	0.89	0.68	1.64	1.04	0.54	0.60	0.72	0.34		0.48	2.16	2.66	1.16		1.27	0.96	0.72	0.40	0.62	0.37	0.46			0.85	2.16		0.42	0.57		0.66	0.18															
2005	0.11	0.32	0.30	0.14	0.12			0.92	0.82	0.78	0.78	0.61	3.25	1.83	1.78	1.18	0.44	0.84	1.26	1.25	1.28	1.25	0.81	1.04	0.76	0.86	0.68	2.47	0.39	0.22	1.29	0.46	0.89	1.94	1.70	1.80	0.53	0.39					0.20			0.77	0.49	0.57		0.77	0.31	0.67	0.83	0.39	0.55	0.57	0.31		0.18	0.38	0.28	0.64	0.74	0.67	0.71	1.09	0.49	0.25	0.67	0.49	0.43	0.59	0.61	0.66	0.48	0.54	1.23	0.43	0.31	0.62	0.52	0.35	0.99	0.22	0.26	0.52	1.05	0.27	1.09		0.46	1.09	0.57	0.97	1.26	2.13	1.90	1.12	1.98	0.90	1.02	0.74	0.76	0.80	0.83	0.82	0.74	0.54	1.46	0.96	0.72	0.79	1.32	0.69	1.58	0.75	0.62	0.67	0.51	0.36		0.52	1.22	2.00	0.63		1.17	1.18	0.54	0.30	0.50	0.33	0.34			1.09	3.08		0.39	0.37		0.49	0.45															
2006	0.16	0.51	0.27	0.21	0.13			0.91	0.69	0.92	0.90	0.76	3.01	1.75	1.71	1.33	0.27	1.00	0.86	1.36	0.86	1.22	0.90	0.73	0.74	0.65	0.63	2.68	0.37	0.26	1.09	0.45	0.88	1.65	1.67	1.52	0.43	0.40					0.46		0.21	0.71	0.45	0.49		0.51	0.71	0.64	0.54	0.41	0.43	0.39	0.18		0.25	0.32	0.35	0.54	0.45	0.50	0.67	0.43	0.52	0.21	0.49	0.47	0.79	0.59	0.49	0.70	0.60	0.68	1.05	0.32	0.18	0.92	0.59	0.40	0.57	0.36	0.27	0.41	0.44	0.52	0.98		0.45	0.84	0.90	1.77	1.62	3.80	1.42	1.78	1.64	1.23	1.13	1.70	0.91	1.06	0.73	0.81	0.68	0.66	1.65	1.02	0.57	1.09	0.71	0.78	1.53	0.76	0.78	0.81	0.68	0.36		0.30	2.10	2.86	1.01		2.23	0.69	0.49	0.52	0.64	0.57	0.51			1.24	3.62		0.45	0.34		0.60	0.47															
2007	0.20	0.49	0.22	0.23	0.13			1.00	0.56	0.89	0.91	0.93	3.89	1.60	1.12	1.49	0.29	0.72	0.72	0.95	0.90	1.41	0.96	1.36	0.91	0.92	0.63	2.67	0.34	0.28	0.83	0.31	0.88	1.44	1.32	1.43	0.29	0.28		0.61			0.16	0.36	0.25	1.25	0.36	0.38		0.61	0.24	0.61	0.53	0.44	0.56	0.31	0.22		0.43	0.36	0.36	0.56	0.39	0.56	0.64	0.39	0.61	0.25	0.48	0.48	0.60	0.58	0.67	0.80	0.60	0.62	0.84	0.48	0.36	0.73	0.60	0.51	0.66	0.47	0.28	0.40	0.41	0.41	1.02	0.79	0.27	0.75	0.67	1.37	1.42	2.69	1.28	1.33	1.42	1.32	1.08	0.97	0.97	0.85	0.91	0.38	0.59	0.63	1.59	1.03	0.58	0.98	0.74	0.90	1.49	0.71	0.78	0.65	0.58	0.29	0.21	0.27	1.98	2.06	1.20	0.91	1.30	0.96	0.30	0.35	0.38	0.33	0.48	0.17		1.29	4.34		0.40	0.38		0.58	0.59								0.33							
2008	0.22	0.25	0.25	0.16	0.14			0.70	0.40	0.75	0.77	0.58	4.66	2.57	1.14	2.00	0.40	1.11	1.20	1.47	1.08	1.41	1.08	1.79	1.03	0.82	0.99	2.73	0.27	0.20	0.56	0.31	1.36	1.81	1.64	1.47	1.10	0.51	0.82	1.22			0.15	0.49	0.31	0.86	0.54	0.68		0.83	0.53	1.05	0.59	0.68	0.64	0.44	0.18		0.57	0.43	0.49	0.61	0.72	0.67	0.78	0.53	0.68	0.53	0.78	0.51	0.74	0.72	0.96	0.75	0.58	0.61	1.01	0.44	0.46	0.60	0.52	0.35	0.83	0.50	0.40	0.58	0.53	0.97	1.34	1.07	0.40	1.10	0.37	1.71	1.19	2.47	1.94	1.33	1.57	1.02	1.65	0.74	0.70	0.64	0.51	0.78	0.43	0.53	1.75	0.96	0.55	0.93	0.62	1.09	1.74	0.65	0.62	0.42	0.47	0.37	0.46	0.30	1.83	2.56	1.44	1.41	1.62	1.17	0.20	0.46	0.50	0.49	0.39	0.42		2.38	4.04		0.33	0.47	0.41	0.54	0.41								0.67							
2009	0.34	0.28	0.23	0.26	0.18			0.93	0.51	1.06	0.93	1.06	4.66	2.50	1.52	2.37	0.90	1.38	1.33	1.43	0.92	1.28	1.09	1.01	0.90	0.71	0.72	2.29	0.31	0.27	0.95	0.25	1.33	2.20	2.11	2.23	0.97	0.45	0.48	1.00			0.30	0.54	0.47	0.87	0.60	0.48		1.03	0.73	1.16	0.79	1.06	1.58	0.67	0.41	0.73	0.47	0.49	0.37	0.59	0.67	0.67	0.74	0.57	0.88	0.60	0.99	0.72	0.95	0.62	0.62	0.52	0.35	0.59	1.56	0.28	0.42	0.88	0.65	0.52	0.91	0.32	0.41	0.54	0.42	0.78	1.04	1.14	0.78	1.83	0.52	1.53	1.16	2.53	2.68	1.89	2.18	1.08	1.34	1.10	1.05	0.59	0.46	0.72	0.44	0.56	1.08	1.08	0.49	0.90	1.07	0.80	1.64	1.06	0.73	0.81	0.69	0.36	0.72	0.48	2.58	2.86	1.70	1.64	2.14	1.82	0.41	0.72	0.67	0.56	0.51	0.30		2.40	4.00		0.39	0.52	0.26	0.47	0.45								0.49							0.74
2010	0.26	0.29	0.22	0.28	0.17			0.75	0.46	0.79	0.73	0.73	3.89	2.56	0.91	2.91	1.04	1.06	1.21	1.05	1.02	1.66	1.53	1.41	0.88	0.96	0.77	2.55	0.31	0.32	1.01	0.38	1.35	2.17	1.98	3.05	0.39	0.38	0.43	0.97		0.95	0.47	1.16	0.49	1.09	0.60	0.48	0.45	0.95	1.08	1.08	0.79	0.95	1.04	0.65	0.34	0.61	0.63	0.53	0.40	0.58	0.73	0.63	0.68	0.67	0.40	0.22	0.51	0.31	0.49	0.77	0.71	0.39	0.58	0.47	1.39	0.34	0.58	0.61	0.44	0.40	0.44	0.47	0.44	0.31	0.45	0.82	0.94	1.12	0.55	0.86	0.50	1.90	2.10	3.29	1.38	2.57	1.48	1.44	1.65	1.64	1.12	0.89	0.65	0.48	0.89	1.24	1.99	1.29	0.52	1.49	0.75	0.65	1.47	1.01	0.75	0.85	0.82	0.54	0.83	0.71	2.93	2.40	1.75	1.46	1.44	1.84	0.28	0.58	0.55	0.66	0.57	0.52	0.54	1.85	4.78		0.43	0.35	0.38	0.40	0.34								0.72	0.92	0.51	0.74		0.55		0.79
2011	0.43	0.50	0.28	0.34	0.36			0.86	0.45	1.06	0.70	0.69	4.76	2.33	0.99	2.31	1.19	0.98	1.62	1.76	1.40	2.29	1.74	1.43	0.86	0.97	0.78	3.12	0.43	0.56	1.33	0.20	1.54	2.04	2.09	2.80	0.37	0.60	2.05	2.23	0.96	1.36	0.47	1.45	0.71	0.83	0.73	0.68	0.81	0.77	1.09	1.12	0.80	1.67	1.12	0.73	0.40	1.12	0.42	0.54	0.78	0.93	0.87	0.88	0.80	0.93	0.76	0.56	1.02	0.51	1.18	0.90	0.80	0.61	0.65	0.75	1.26	0.39	0.40	0.71	0.66	0.47	0.33	0.60	0.67	0.47	0.55	1.01	1.52	2.39	0.99	1.36	0.47	1.08	0.85	1.79	2.08	1.44	2.45	1.21	1.28	1.12	0.89	0.93	0.42	0.48	0.92	0.78	2.05	1.03	0.55	0.78	0.47	0.53	1.04	0.76	0.43	0.53	0.88	0.50	0.88	0.72	1.99	2.27	2.03	1.63	1.59	1.63	0.40	0.58	0.52	0.47	0.87	0.55	0.56	1.57	4.28	1.38	0.50	0.34	0.42	0.39	0.40	0.48	0.78						0.86	0.98	0.55	1.01		0.67		0.57
2012	0.43	0.42	0.44	0.54	0.41	0.55	0.54	0.85	0.63	0.94	0.83	0.69	5.39	3.23	2.09	3.57	1.23	1.65	0.93	1.52	0.80	2.07	1.74	1.15	0.81	1.02	0.62	4.37	0.51	0.32	1.04	0.20	1.63	2.40	2.40	2.90	0.51	0.61	2.38	1.86	0.90	1.43	0.66	1.26	0.75	0.75	0.73	0.69	1.40	1.07	1.21	1.38	1.22	1.45	1.29	1.19	0.70	0.98	0.39	0.47	0.58	0.93	0.75	0.81	0.76	1.08	0.75	0.69	1.11	0.77	1.70	0.82	0.72	0.74	0.67	0.88	1.10	0.39	0.36	1.00	0.55	0.69	0.68	0.48	0.59	0.72	0.90	1.08	1.43	1.60	1.25	1.55	0.93	1.92	1.51	3.77	0.91	2.32	2.65	1.11	1.46	1.12	0.92	1.11	0.45	0.61	0.63	0.69	2.25	1.19	0.56	1.14	0.82	0.61	2.08	0.86	0.67	0.73	0.96	0.65	0.83	0.47	3.51	3.31	3.04	2.85	2.29	1.81	0.30	0.45	0.68	0.86	0.74	0.56	0.59	1.98	5.02	1.03	0.35	0.49	0.44	0.53	0.46	0.78	1.42			0.82		0.73	1.45	1.42	0.88	1.27		1.31		1.22
2013	0.29	0.33	0.28	0.24	0.23	0.42	0.51	0.70	0.49	0.94	0.74	0.47	3.57	1.98	1.34	2.90	0.99	1.02	1.43	1.84	1.69	2.39	1.76	1.61	1.15	1.02	0.80	2.91	0.56	0.42	0.98	0.32	1.41	2.56	1.69	1.80	0.81	0.39	2.20	1.90	0.68	1.48	1.00	1.38	0.80	0.51	0.87	1.37	1.36	1.31	1.19	1.75	1.72	1.11	1.49	0.84	0.56	0.90	0.65	0.44	0.70	0.92	0.97	0.88	0.93	1.00	0.48	0.41	0.72	0.57	0.98	0.60	0.74	0.60	0.51	0.73	1.16	0.39	0.40	0.97	0.56	0.66	0.72	0.50	0.65	0.60	0.38	1.17	1.22	2.00	1.84	1.40	1.13	1.16	2.24	5.03	0.76	2.01	1.96	1.73	1.74	1.38	1.19	1.05	0.52	0.63	0.78	1.01	2.72	1.11	0.70	1.26	0.85	1.21	2.22	1.17	0.73	0.77	1.22	0.64	0.56	0.74	3.58	3.12	3.07	2.92	2.73	2.02	0.31	0.40	0.59	0.62	0.69	0.52	0.65	1.58	3.78	1.39	0.35	0.61	0.39	0.56	0.61	1.17	0.46			0.76	1.07	0.75	0.82	1.13	0.66	0.66	0.62	1.19	0.33	0.77
2014	0.20	0.63	0.63	0.60	0.43	0.38	0.47	0.86	0.60	0.97	1.02	0.87	4.83	2.66	2.12	3.21	1.02	1.53	1.61	2.50	1.82	3.85	3.46	2.31	1.66	1.38	1.46	3.46	0.52	0.21	0.56	0.25	0.79	2.18	2.17	2.13	0.89	0.54	1.24	1.45	0.30	0.54	0.48	0.59	0.42	0.86	0.44	0.46	0.77	0.70	0.59	0.75	0.61	0.78	0.91	0.43	0.25	0.62	0.59	0.76	0.69	0.85	0.93	0.97	0.87	0.93	0.53	0.39	0.81	0.49	1.02	0.55	0.87	0.82	0.81	0.76	0.87	0.32	0.31	0.97	0.65	0.73	0.97	0.41	0.77	0.65	1.04	1.74	1.43	2.45	2.03	2.28	1.38	1.24	1.64	3.71	1.18	2.29	3.09	1.32	1.30	0.77	1.28	0.74	0.50	0.44	0.58	1.08	1.97	1.45	1.07	1.00	1.45	1.39	1.86	1.02	0.61	0.72	1.00	0.92	0.95	1.13	3.18	2.65	2.11	1.96	2.60	1.97	0.32	0.29	0.51	0.59	0.74	0.56	0.60	1.94	6.41	1.29	0.40	0.40	0.47	0.51	0.88	0.98	0.62	1.24	0.57	0.92	1.09	0.75	0.95	0.89	0.93	0.97	0.56	1.42	0.38	0.87
2015	0.27	0.46	0.45	0.48	0.31	0.40	0.65	0.85	0.61	0.88	0.75	0.71	5.61	3.63	2.16	3.77	1.23	1.40	1.09	1.77	1.67	2.16	2.54	1.92	1.18	1.00	1.04	2.32	0.45	0.25	0.61	0.16	0.70	1.81	1.87	2.45	1.21	0.51	1.53	1.46	0.53	0.72	0.68	0.64	0.59	1.39	0.51	0.65	0.71	1.16	1.03	0.98	0.64	0.68	0.93	0.64	0.23	0.48	0.62	1.10	0.77	0.94	0.77	0.97	0.85	1.03	0.53	0.38	0.69	0.62	0.83	0.74	1.05	0.92	0.62	0.92	0.82	0.40	0.37	1.22	0.68	0.72	0.91	0.53	0.50	0.72	0.71	1.70	1.40	2.14	2.30	1.25	1.41	1.92	1.19	2.52	1.17	2.28	1.55	1.73	2.44	2.00	2.28	1.28	0.87	0.79	0.84	1.31	1.99	1.48	1.61	1.03	1.11	0.91	1.96	1.57	0.87	1.12	1.49	0.70	0.52	0.58	2.71	2.38	3.07	2.61	2.84	1.58	0.28	0.52	0.75	0.96	0.78	0.58	0.66	1.28	4.82	1.38	0.49	0.49	0.54	0.47	0.84	0.85	0.87	1.29	0.80	0.95	0.70	0.82	0.76	0.92	0.53	0.95	0.46	1.34	0.51	0.73
2016	0.25	0.34	0.38	0.25	0.25	0.34	0.97	0.59	0.36	0.71	0.67	0.53	3.34	2.63	2.04	2.69	1.04	1.57	1.52	1.27	1.62	2.25	2.10	2.16	1.09	1.28	1.16	2.29	0.57	0.29	0.45	0.12	0.56	2.75	2.19	2.01	0.90	0.38	1.43	1.52	0.58	0.76	0.50	0.77	0.65	1.58	0.55	0.62	0.72	1.19	0.70	0.69	0.57	0.65	1.20	0.51	0.31	0.76	0.74	0.97	0.53	0.80	0.78	0.91	1.04	0.84	0.55	0.40	0.79	0.58	0.89	0.97	1.04	0.87	0.54	0.71	0.97	0.48	0.50	1.23	0.76	0.74	0.74	0.32	0.67	0.66	0.62	1.26	1.33	1.92	1.54	1.29	0.89	1.45	1.10	1.99	1.44	2.16	2.21	1.19	1.26	0.78	1.16	0.80	0.48	0.68	0.56	0.72	1.63	1.39	0.89	1.13	0.94	0.81	1.18	1.10	0.67	0.56	0.76	0.54	0.56	0.83	2.82	2.89	2.38	1.97	3.10	1.48	0.62	0.47	0.67	0.47	0.85	0.59	0.38	1.72	4.14	0.96	0.54	0.32	0.47	0.40	0.97	0.67	0.94	1.11	0.54	0.52	0.62	0.71	1.08	0.86	0.37	1.01	0.37	0.94	0.43	0.64
2017	0.15	0.22	0.21	0.18	0.20	0.59	0.30	0.59	0.38	0.76	0.75	0.42	2.51	1.95	2.56	3.61	1.92	1.63	2.26	1.75	1.25	3.12	2.43	2.68	1.80	1.47	1.27	2.80	0.44	0.71	1.20	0.16	0.92	2.25	2.17	2.67	0.55	0.36	1.09	1.16	0.42	0.89	0.50	0.68	0.80	1.30	0.56	0.61	0.65	1.13	0.71	0.84	0.58	0.95	1.32	0.38	0.21	0.87	0.75	0.92	0.55	0.85	0.56	0.73	0.80	0.87	0.39	0.25	0.62	0.36	0.94	0.81	0.56	0.82	0.43	0.54	0.97	0.38	0.49	0.74	0.52	0.75	0.54	0.47	0.70	0.58	0.72	1.26	1.36	1.57	0.85	1.08	0.96	1.28	1.14	1.70	1.61	1.99	2.04	1.48	1.46	1.24	1.19	0.87	0.62	0.71	0.75	0.72	1.56	0.99	0.78	0.99	0.70	0.56	1.30	1.02	0.49	0.76	1.05	0.68	0.80	0.76	2.83	2.94	2.30	2.17	3.23	1.55	0.49	0.67	0.48	0.49	0.87	0.51	0.28	2.91	4.78	1.08	0.31	0.28	0.42	0.42	0.79	1.33	0.72	0.99	0.74	0.57	1.02	0.68	1.38	1.08	0.64	0.78	0.44	1.17	0.53	0.88
2018	0.16	0.23	0.21	0.23	0.18	0.77	0.54	0.71	0.38	0.71	0.70	0.52	3.76	3.08	2.07	2.04	2.13	2.30	1.75	1.66	1.34	4.28	3.59	3.33	2.02	1.67	1.43	2.70	0.79	0.73	1.21	0.17	0.93	2.12	2.09	2.41	0.50	0.47	1.84	1.58	0.33	0.66	0.52	1.00	0.85	1.12	0.89	1.18	0.85	0.96	1.17	1.28	0.69	0.82	1.49	0.48	0.33	0.75	0.71	1.30	0.75	0.87	0.75	0.95	0.96	1.07	0.38	0.24	0.87	0.51	0.99	0.84	0.44	0.88	0.53	0.64	0.86	0.35	0.43	0.63	0.61	0.83	0.71	0.42	1.04	0.98	0.92	1.75	1.26	2.26	1.69	1.12	0.99	0.91	1.19	2.88	1.78	1.88	2.37	1.25	1.63	1.04	1.26	0.58	0.44	0.70	0.61	0.49	1.42	1.45	0.61	0.57	0.47	0.78	1.31	0.53	0.39	0.67	0.75	0.73	0.72	0.77	3.59	2.06	1.73	2.30	3.18	1.63	0.52	0.46	0.38	0.31	0.48	0.50	0.44	2.64	4.64	1.12	0.29	0.26	0.48	0.42	0.91	0.85	1.00	1.46	0.55	0.17	1.05	0.56	1.68	1.44	0.90	1.36	0.69	1.17	0.55	1.23
2019	0.21	0.34	0.31	0.29	0.18	0.63	0.47	0.66	0.32	0.72	0.72	0.48	2.56	2.23	1.80	2.92	2.26	1.91	1.89	1.80	1.14	3.40	2.80	2.49	1.58	1.33	1.24	2.20	0.80	0.80	1.22	0.17	1.82	1.70	1.74	2.25	0.44	0.55	0.98	1.56	0.29	0.76	0.46	0.76	0.89	1.02	0.77	0.90	0.57	0.67	0.87	1.16	0.52	0.78	0.95	0.33	0.34	0.53	0.49	0.82	0.52	0.74	0.68	0.85	1.00	0.65	0.32	0.29	0.70	0.60	0.97	0.54	0.42	0.63	0.51	0.49	0.68	0.17	0.31	0.41	0.47	0.55	0.66	0.36	1.10	0.84	0.92	1.37	1.18	2.22	1.41	1.16	1.38	1.35	0.91	2.31	1.87	1.77	2.65	1.37	2.10	0.97	1.49	0.82	0.48	0.52	0.50	0.81	2.13	0.84	0.80	0.90	0.66	1.08	1.38	0.67	0.44	0.86	0.84	0.78	0.95	1.06	2.44	1.66	1.63	2.21	3.00	0.21	0.85	0.54	0.28	0.32	0.63	0.68	0.60	1.93	4.12	1.32	0.52	0.38	0.61	0.70	1.23	1.07	1.47	1.07	0.97	0.34	1.31	0.83	1.82	1.59	1.01	1.45	0.89	1.63	0.65	1.10
2020	0.44	0.21	0.36	0.16	0.20	0.68	0.50	0.81	0.41	0.82	0.69	0.68	2.91	3.82	1.94	3.56	1.73	2.22	1.48	1.67	1.15	3.02	2.39	2.29	1.11	1.39	1.24	2.01	0.75	0.81	1.15	0.18	2.43	2.06	1.54	2.00	0.59	0.57	1.55	2.24	0.19	1.04	0.78	0.88	1.00	1.15	0.95	1.44	0.75	1.14	1.52	0.79	0.24	0.50	1.11	0.23	0.30	0.30	0.48	0.70	0.31	0.51	0.49	0.84	0.97	0.48	0.58	0.51	0.96	1.05	1.63	0.41	0.32	0.47	0.31	0.25	0.78	0.09	0.19	0.24	0.38	0.52	0.70	0.42	0.88	0.73	0.63	1.51	1.34	2.36	1.54	1.14	1.54	1.77	1.76	4.01	1.51	2.99	3.00	1.78	2.16	1.40	1.67	1.05	0.80	0.43	0.52	1.08	1.19	1.09	1.41	1.03	0.66	0.93	1.93	0.79	0.75	1.17	0.84	0.48	0.77	0.71	1.94	1.22	1.24	2.09	2.06	1.65	0.57	0.64	0.46	0.38	0.51	0.59	0.42	1.70	3.33	1.35	0.48	0.42	0.50	0.54	0.81	1.25	1.14	1.13	1.31	0.56	1.10	0.55	1.25	1.17	0.72	0.97	0.59	1.11	0.33	1.11
2021	0.25	0.27	0.81	0.22	0.15	0.74	1.09	0.84	0.26	0.84	0.81	0.87	4.21	3.47	1.60	3.71	2.31	2.53	0.96	1.11	0.84	2.72	2.70	1.98	1.38	1.11	1.57	1.71	0.72	0.87	2.00	0.19	1.37	2.38	2.21	2.29	0.65	0.86	2.32	2.40	0.30	0.87	0.68	0.89	0.75	0.84	0.94	1.15	0.76	1.17	1.46	1.02	0.61	0.83	1.43	0.39	0.49	0.73	0.65	0.90	0.57	0.56	0.37	0.56	0.74	0.65	0.85	0.55	1.07	0.88	2.11	0.59	0.74	0.82	0.59	0.69	0.72	0.07	0.10	0.30	0.43	0.48	0.94	0.36	1.14	1.10	1.02	1.34	1.37	2.14	1.38	1.24	1.10	1.80	1.22	3.32	1.87	2.28	3.44	1.27	2.26	1.01	1.09	0.83	0.57	0.74	0.40	0.90	1.92	1.22	1.09	0.64	0.73	1.01	1.69	0.67	0.51	1.11	0.75	0.86	0.72	0.80	1.82	1.62	1.91	2.53	2.33	1.75	0.69	0.75	0.24	0.29	0.47	0.59	0.38	1.49	2.78	1.11	0.48	0.51	0.44	0.55	0.90	1.00	0.92	1.19	0.94	0.39	1.35	0.56	1.49	1.28	1.06	1.11	0.65	1.60	0.69	1.32
2022	0.25	0.36	0.71	0.25	0.17	1.58	1.87	1.02	0.35	0.94	0.76	0.85	4.34	4.60	2.16	4.02	2.85	1.90	0.86	1.45	1.12	3.32	3.20	3.04	1.98	1.55	1.31	2.13	0.82	0.95	2.24	0.34	1.23	2.65	1.93	2.18	0.57	0.70	1.98	2.38	0.22	0.89	0.88	1.19	1.00	1.00	1.03	1.22	1.34	1.54	1.40	1.28	0.94	1.02	1.54	0.67	0.42	0.76	1.16	1.08	0.86	0.77	0.80	1.00	0.89	1.00	0.86	0.74	1.02	0.74	1.63	0.72	0.93	0.90	0.83	0.86	1.23	0.11	0.12	0.74	0.76	0.73	1.26	0.40	0.89	0.70	0.90	0.96	1.18	2.07	1.21	1.23	1.37	1.47	1.34	5.01	1.66	3.73	3.59	1.72	2.79	1.60	1.57	1.07	0.76		0.56	1.21	1.92	1.37	1.13	0.87	0.99	1.14	1.74	1.02	0.80	1.38	1.19	0.66	0.92	0.96	2.38	1.21	1.89	2.47	2.13	1.98	0.74	1.02	0.44	0.40	0.55	0.50	0.48	1.75	2.37	1.14	0.58	0.63	0.47	0.69	1.01	1.31	1.04	1.50	1.07	0.57	1.41	0.49	1.62	1.08	1.03	1.10	0.84	1.67	0.81	1.60
2023	0.51	0.31	0.56	0.38	0.39	1.22	1.86	1.02	0.47	1.02	0.94	0.86	5.30	5.04	2.10	4.81	6.35	1.68	1.01	1.51	1.08	3.99	4.44	2.36	1.76	1.33	1.19	3.03	1.17	0.65	1.37	0.16	0.66	2.64	2.58	2.06	0.81	0.65	1.75	3.01	0.34	0.90	0.90	1.22	1.03	0.95	1.06	1.19	2.21	1.33	1.78	2.10	0.81	1.05	2.23	0.62	0.48	0.69	0.63	0.70	0.61	0.57	0.41	0.67	0.67	0.57	0.79	0.59	1.28	0.70	1.74	0.79	1.04	0.97	0.85	0.58	1.27	0.04	0.10	0.64	0.69	0.85	1.10	0.28	0.93	0.69	0.77	1.56	1.00	1.72	1.04	1.35	1.47	1.33	0.97	3.25	1.57	3.29	2.30	1.59	2.30	1.21	1.60	0.99	0.73		0.77	1.44	1.98	1.78	0.96	1.13	0.81	0.87	1.64	1.19	0.75	1.17	1.16	0.90	0.88	0.85	3.67	1.75	2.60	3.27	2.92	1.92	1.00	0.95	0.40	0.51	0.68	0.59	0.52	3.10	3.79	1.35	0.47	0.53	0.52	0.60	1.12	1.60	1.35	1.64	1.34	0.69	1.40	0.67	1.76	1.36	0.94	1.52	1.23	2.14	1.27	1.84
2024																			1.12	1.74	1.08																																						0.48	0.76	0.54																																1.10	1.11	1.06	2.68		3.07		1.56	1.58	0.81	1.49	0.81	0.50		0.51	0.80	1.86		0.68	0.69	0.45		1.36	0.86	0.49	0.81	0.79				3.49	1.96	2.03	3.18		1.95	0.71	0.70	0.22	0.28	0.55																									
