Year	60B2T03C	60B2T04C	60B2T05C	60B2T06C	60B2T07C	60F04T01C	60F04T02C	60F04T03C	60F04T04C	60F04T05C	60F06T01C	60F06T02C	60F06T03C	60F06T04C	60F06T05C	60F06T31C	60F08T01C	60F08T02C	60F08T03C	60F08T04C	60F08T05C	60U2T09C	60U2T10C	70F01T01C	70F01T03C	70F01T04C	70F01T05C	70F01T07C	70F01T31C	70F01T32C	70F01T33C	70F01T35C	70F03T01C	70F03T02C	70F03T03C	70F03T04C	70F03T05C	70F03T31C	70F03T32C	70F03T33C	70F03T34C	70F03T35C	70F09T01C	70F09T02C	70F09T03C	70F09T04C	70F09T06C	70F09T31C	70F10T01C	70F10T02C	70F10T03C	70F10T04C	70F10T05C	70F11T01C	70F11T04C	70F11T05C	70F11T06C	70F11T09C	70F15T02C	70F15T03C	70F15T06C	70F15T07C	70F15T09C	70F15T31C	70F16T01C	70F16T02C	70F16T03C	70F16T04C	70F16T05C	70F16T09C	70F16T31C	70F25T31C	70F25T32C	70F25T33C	70F25T34C	70F25T35C	70F25T36C	70F27T07C	70F27T12C	70F27T13C	70F27T14C	70F27T17C	70F32T01C	70F32T04C	70F32T07C	70F32T08C	70F32T08C (2)	70F32T12C	70F34T01C	70F34T02C	70F34T04C	70F34T05C	70F34T06C	70F34T31C	70F34T32C	70F34T33C	70F35T12C	70F35T13C	70F35T14C	70F35T15C	70F35T16C	70F35T31C	70F35T32C	70F35T33C	70F35T34C	70F35T35C	70F39T11C	70F39T12C	70F39T13C	70F39T14C	70F39T15C	80F04T01C	80F04T02C	80F04T03C	80F04T04C	80F04T07C	80F06T01C	80F06T02C	80F06T03C	80F06T09C	80F06T10C	80F06T31C	80F06T32C	80F08T05C	80F08T06C	80F08T08C	80F08T09C	80F08T13C	80F13T04C	80F13T12C	80F13T13C	80F13T14C	80F13T15C	80F13T16C	80F13T17C	80F13T19C	80F15T02C	80F15T05C	80F15T06C	80F15T09C	80F15T20C	80F15T31C	80F33T01C	80F33T03C	80F33T04C	80F33T07C	80F33T09C	80F34T03C	80F34T04C	80F34T05C	80F34T07C	80F34T08C	80F35T01C	80F35T02C	80F35T03C	80F35T04C	80F35T06C	80F35T11C	80F35T12C	80F35T31C	80F35T32C	80F35T33C_REDO	80F36T01C	80F36T03C	80F36T05C	80F36T06C	80F36T10C	90B5T02C	90B5T03C	90B5T04C	90B5T07C	90B5T09C	90F01T13C	90F01T14C	90F01T15C	90F01T16C	90F01T19C	90F04T01C	90F04T04C	90F04T05C	90F04T07C	90F04T17C	90F04T31C_REDO	90F04T32C_REDO	90F04T33C (2)	90F04T33C_REDO	90F04T34C	90F06T11C	90F06T12C	90F06T13C	90F06T14C	90F06T15C	90M01T01C	90M1T01C	90M1T03C	90M1T04C	90M1T07C	90M1T09C	XXB1T02C	XXB1T03C
1902																																																																																																																																													1.10																																																											
1903																																																																																																																																													0.73																																																											
1904																																																																																																																																													1.52																																																											
1905																																																																																																																																													1.01																																																											
1906																																																																																																																																													1.16																																																											
1907																																																																																																																																													1.16																																																											
1908																																																																																																																																													1.21																																																											
1909																																																																																																																																													1.66																																																											
1910																																																																																																																																													0.55																																																											
1911																																																																																																																																												0.61	0.32																																																											
1912																																																																																																																																												0.61	0.47																																																											
1913																																																																																																																																										1.63		0.84	1.05																																																											
1914																																																																																																																																										1.00		0.26	0.87																																																											
1915																																																																																																																																										1.23		0.46	1.42	1.05																																																										
1916																																																																																																																																										1.72		0.65	1.17	0.71																																																										
1917																																																																																																																																										1.41		0.54	1.57	1.01																																																										
1918																																																																																																																																									1.15	1.61	1.14	0.85	1.02	1.01																																																										
1919																																																																																																																																									1.12	1.57	0.95	0.89	1.19	1.10																																																										
1920																																																																																																																																									1.22	2.00	0.76	0.99	0.94	0.77																																																										
1921																																																																																																																																									0.94	1.40	0.67	0.70	0.61	1.25																																																										
1922																																																																																																																																									0.92	1.41	0.67	0.70	0.32	4.09																																																										
1923																																																																																																																																									0.77	2.18	0.57	0.73	0.70	0.89																																																										
1924																																																																																																																																									0.92	1.86	0.49	0.62	0.99	0.86																																																										
1925																																																																																																																																									0.79	0.63	0.82	0.31	0.52	0.73																																																										
1926																																																																																																																																									1.14	1.12	0.34	0.38	1.26	1.35																																																										
1927																																																																																																																																									0.83	1.45	1.19	0.57	1.59	1.07																																																										
1928																																																																																																																																									0.29	1.28	1.11	0.26	0.93	0.35																																																										
1929																																																																																																																																									0.68	1.51	1.29	0.77	0.94	0.83																																																										
1930																																																																																																																																									0.80	1.72	0.31	0.80	0.80	0.86																																																										
1931																																																																																																																																									0.84	0.96	1.02	0.72	1.07	1.06																																																										
1932																																																																																																																																									0.48	0.68	1.37	0.41	1.06	0.60																																																										
1933																																																																																																																																									0.74	1.09	0.81	0.55	0.76	0.89																																																										
1934																																																																																																																																									0.91	1.68	0.65	0.87	0.73	1.40																																																										
1935																																																																																																																																									0.87	1.01	0.98	0.55	1.17	0.87																																																										
1936																																																																																																																																									0.80	0.92	0.88	0.41	1.74	0.64																																																										
1937																																																																																																																																									0.64	1.07	1.53	0.40	1.29	0.54																																																										
1938																																																																																																																																									0.93	1.24	1.21	0.78	0.78	0.85																																																										
1939																																																																																																																																									1.52	1.74	0.69	1.24	0.87	1.44																																																										
1940																																																																																																																																									1.12	1.40	0.76	0.67	1.18	1.25																																																										
1941																																																																																																																																									0.65	1.38	1.23	0.43	1.34	0.85																																																									1.32	
1942																																																																																																																																									0.92	1.83	1.12	0.83	1.14	1.27																																																									1.97	
1943																																																																																																																																									1.38	2.32	0.91	1.20	1.10	1.49																																																									1.45	
1944																																																																																																																																									0.93	1.56	0.67	1.31	0.82	1.25																																																									1.94	
1945																																																																																																																																									0.83	1.71	0.62	0.88	1.47	0.97																																																									2.10	
1946																																																																																																																																									0.66	1.01	1.03	1.16	0.42	1.11																																																									2.10	
1947																																																																																																																																									0.83	1.22	0.49	0.78	0.76	1.27																																																									1.19	
1948																																																																																																																																									0.99	2.33	1.21	0.73	0.85	1.41																																																									1.50	1.82
1949																																																																																																																																									0.60	1.14	1.21	0.35	0.50	0.56																																																									0.96	1.82
1950																																																																																																																																									0.95	1.69	0.78	0.59	0.99	1.30																																																									0.86	1.46
1951																																																																																																																																									1.12	1.95	1.15	0.70	0.46	1.41																																																									1.52	1.35
1952																																																																																																																																									1.12	1.43	0.31	0.52	0.24	1.06																																																									1.16	0.90
1953																																																																																																																																									1.10	1.74	0.23	0.55	0.74	1.06																																																									0.84	1.15
1954																																																																																																																																									0.46	0.67	0.71	0.23	0.38	0.50																																																									0.98	1.13
1955																																																																																																																																									0.22	0.35	0.57	0.17	0.84	0.17																																																									0.95	0.90
1956																																																																																																																																									1.01	1.29	0.71	0.55	1.03	1.25																																																									0.94	0.91
1957																																																																																																																																									0.72	1.11	0.86	0.27	1.32	0.76																																																									0.75	0.61
1958																																																																																																																																									0.96	1.61	0.88	0.65	1.11	1.48																																																									0.62	0.48
1959																																																																																																																																									1.35	2.26	0.73	0.70	1.01	1.39																																																									0.80	0.51
1960																																																																																																																																									1.25	1.74	0.59	0.84	0.94	1.12																																																									1.29	0.80
1961																																																																																																																																									1.05	1.51	0.58	0.82	1.15	1.28																																																									0.97	0.63
1962																																																																																								1.45																																																	0.97	1.16	0.66	0.63	1.09	1.26																																																									1.05	0.75
1963																																																																																								1.58																																																	0.91	1.28	0.75	0.38	0.92	1.02																																																									1.18	0.81
1964																																																																																								1.10																																																	0.92	1.21	0.67	0.79	1.26	1.02																																																									1.17	0.55
1965																																																																																						0.59		1.39																																																	0.89	1.15	0.94	0.45	1.54	0.98																																																									1.40	0.50
1966																																																																																						0.60		1.84																																																	0.99	0.71	1.13	0.63	1.41	0.69																																																									1.90	0.37
1967																																																																																						0.99	0.86	1.99																																																	1.05	1.01	0.82	1.02	0.97	1.22																																																									2.09	0.87
1968																																																																																					2.32	2.42	0.42	2.15																																																	1.13	1.58	0.76	0.99	0.97	1.45																																																									1.20	0.71
1969																																																																																					1.74	1.54	0.41	1.40																																																	0.99	0.97	0.74	0.53	0.85	1.10																																																									1.30	0.96
1970																																																																																			1.68		0.00	0.85	1.56	1.44																																																	0.71	0.63	0.74	1.05	0.43	0.83																																																									1.44	0.65
1971											0.94					2.33				0.84																																																															1.96		0.00	0.90	0.98	2.99																																																	0.86	0.83	0.39	0.72	0.79	0.93																																																									0.96	1.38
1972		1.75	1.41						2.80	2.00	1.23		1.25			0.91				1.06																									2.16																																						1.51		0.00	1.15	0.86	4.11																																																	0.81	0.89	0.60	0.64	0.73	0.71																																																									0.44	0.34
1973	1.91	0.70	0.79					1.16	1.79	1.55	1.30	0.55	0.84	1.04	1.47	0.65		1.12		0.80		2.12		1.09		4.13								2.35							0.57				0.94				1.85				2.21								2.15	1.74					1.62																1.49		0.00	0.84	0.56	2.24											0.90				2.58								2.41																										0.33	0.33	0.62	0.30	0.77	0.24																																																									0.54	0.44
1974	0.75	0.63	0.65			0.87		0.42	1.24	1.19	0.90	0.65	0.56	1.08	1.08	0.46		1.24	1.60	0.76	0.90	1.45	0.54	1.31		3.00								1.06			1.43		0.77		0.76		2.51		1.25			2.14	2.07				1.29						1.81		2.05	1.92					2.02	2.24						0.99									3.10		1.29	1.14	0.83	2.75											1.60				1.26	2.23							3.12																										0.63	0.63	0.65	0.60	0.80	0.69																																																									1.06	0.33
1975	0.74	0.81	1.06			0.77		0.98	1.53	1.49	0.76	0.73	0.79	0.97	0.46	0.40		1.42	1.78	0.94	1.27	0.79	0.50	0.92		2.38				1.19				0.86		1.59	0.68		0.89	1.11	0.38	1.67	1.10		1.41	1.43	1.56	1.63	2.06		2.52		0.86	1.88			1.69	1.57	1.69	1.82	1.17	1.39		2.72			1.07	1.99	2.22			1.57		0.95									3.75		1.90	1.42	0.74	2.61										2.28	2.50			1.55	0.77	0.64		1.64			2.01		1.58																										0.74	0.45	0.61	0.42	1.06	0.54																																																									0.69	0.34
1976	1.85	0.79	1.11		1.32	0.89	0.45	1.62	1.10	1.32	0.66	0.91	0.57	0.83	0.24	0.36		2.06	2.46	1.36	2.01	0.34	0.44	1.66		1.72				0.91				0.79	1.39	0.54	1.46		0.53	0.46	0.38	0.71	1.57		0.81	1.12	1.04	2.60	1.60	2.63	1.54	1.91	0.73	0.60	1.36		1.12	1.11	1.16	1.48	0.72	1.54	4.75	0.97			0.65	2.49	1.02			0.98		0.82	0.51								2.40	1.08	2.16	1.63	0.83	1.50										2.13	2.30		1.66	1.25	0.74	0.85		1.34			2.34	1.99	2.13																										0.92	0.62	0.76	0.49	0.91	0.65																																																									1.04	0.37
1977	0.40	0.56	1.18		1.06	1.05	0.38	1.64	0.80	1.54	0.73	0.89	0.89	0.64	0.84	0.55		0.53	0.72	0.75	0.87	0.38	0.47	2.98		1.70	2.17			0.77			0.68	1.15	1.05	0.53	1.56		0.52	0.66	0.77	0.67	1.03		0.93	0.90	0.74	1.85	0.67	1.31	1.64	0.68	0.91	0.00	1.37		1.32	1.21	0.94	1.32	0.85	1.60	0.88	0.37			0.38	1.59	0.53			1.49		0.72	0.42	1.89							2.57	0.96	2.14	1.27	1.30	1.56						0.46			1.19	1.92	2.48		3.14	0.78	0.45	0.61		1.33	1.74		2.53	2.34	1.69																										0.83	0.49	0.65	0.62	0.86	0.62																																																									1.15	0.34
1978	0.28	0.40	0.77		0.94	0.98	0.46	1.14	0.59	0.70	0.33	0.63	0.37	0.32	0.55	0.28		0.25	0.54	0.59	0.68	0.90	0.30	2.44		2.30	1.37			0.56			0.73	1.32	1.33	0.45	1.19		0.82	1.19	1.12	0.38	1.06		0.96	0.89	0.68	0.95	0.52	0.80	1.13	0.96	1.00	0.50	0.79		1.91	1.49	1.03	1.05	0.96	1.70	0.58	0.23			0.69	1.22	0.41			1.46		0.65	0.28	1.82							2.43	0.88	1.33	1.10	1.51	1.48						1.04			1.29	1.61	3.45	2.51	2.25	0.53	0.66	0.51		1.13	1.49	1.13	2.84	2.47	1.55																										0.88	0.77	0.60	0.92	0.93	0.55																																																									0.90	0.41
1979	0.15	0.76	1.05		1.94	1.42	1.53	2.06	0.76	1.34	0.37	0.59	0.47	0.37	0.94	0.25		0.70	1.01	1.09	1.55	0.49	0.45	2.30		2.12	2.29	2.52		0.38			0.91	1.54	1.56	0.69	1.25		1.15	1.25	1.81	0.48	1.21		1.19	1.47	1.00	0.77	0.63	1.70	1.42	1.53	1.21	2.18	1.11		1.66	1.75	1.19	1.12	1.23	1.93	0.68	0.40			0.50	0.50	0.69	0.31		1.47		0.90	0.86	2.15				1.97			1.56	1.31	1.14	0.91	1.45	1.23	0.83					1.10			1.62	2.72	3.04	3.06	2.11	0.69	1.33	0.83		0.95	3.09	1.84	5.23	2.25	2.35																										0.88	0.48	0.57	0.64	0.84	0.50																																																									0.59	0.43
1980	0.64	0.58	0.99	1.47	1.78	1.12	0.57	0.89	0.65	1.15	0.53	0.43	0.60	0.53	0.73	0.20		0.26	0.56	0.81	0.90	0.84	0.54	2.09		1.24	1.06	1.04	1.11	0.42			1.33	0.75	0.97	0.49	0.51		0.73	0.53	0.98	0.58	1.15	1.89	1.44	1.78	1.51	0.52	0.89	1.32	0.81	0.72	0.93	2.08	1.12		1.04	0.81	0.62	0.08	0.21	0.45	1.00	0.47			0.49	0.60	0.93	0.83		1.24		0.73	0.94	1.97	1.87	0.42		0.74	1.22		2.04	0.89	1.14	0.58	1.54	1.30	0.64					0.64	1.14		1.69	3.24	3.36	1.28	1.26	0.53	1.20	1.26		0.68	2.40	1.10	2.25	2.92	1.14																										0.71	0.51	0.61	0.61	0.49	0.38																																																									0.65	0.79
1981	0.48	0.38	1.02	0.93	1.26	1.44	0.86	1.30	1.02	1.03	0.51	0.72	1.00	0.82	0.98	0.36		0.47	0.68	0.78	0.82	0.47	0.59	1.35		0.81	1.30	1.23	0.35	0.54			0.74	0.53	0.66	0.54	0.40		0.56	0.65	1.10	0.95	1.02	1.57	1.00	1.13	1.41	0.60	0.72	1.27	1.26	0.72	1.01	1.87	0.91		1.21	1.18	1.09	0.37	0.66	1.58	0.69	0.55		1.26	0.87	0.74	1.53	1.08		2.18		0.92	0.69	2.10	1.97	0.61		1.53	1.21		1.82	0.76	2.00	0.63	1.22	1.38	0.58	0.87	0.97			0.34	0.41		0.94	1.98	1.88	1.84	1.91	0.33	0.48	0.59		0.49	1.20	0.68	2.57	1.42	1.40																				1.41						0.54	0.45	0.44	0.41	0.09	0.46																																																									0.42	0.51
1982	1.03	0.65	0.81	1.23	1.48	1.78	0.97	3.60	2.37	2.07	0.76	0.93	1.29	0.90	0.94	0.28	0.97	0.44	0.52	0.48	0.71	0.46	0.80	1.48		0.97	1.43	1.75	0.67	0.70			0.70	0.58	0.88	0.80	0.63	0.93	0.92	0.87	1.41	1.12	0.85	0.95	1.28	1.17	2.11	0.64	1.26	1.68	1.41	1.79	1.03	1.86	1.25		1.26	2.09	1.09	0.67	1.09	0.28	0.56	0.71	0.88	0.34	1.43	0.17	2.00	1.56		4.38	0.90	1.66	1.17	2.54	2.44	0.43	1.54	2.16	1.40		1.75	0.79	1.39	0.56	0.91	1.62	0.63	1.44	1.04			0.55	0.43		1.52	2.75	2.97	1.53	1.34	0.60	1.73	0.51		0.93	1.74	1.46	3.71	1.45	1.68																				1.86						0.76	0.38	0.11	0.47	0.27	0.25																																																									0.53	0.90
1983	1.45	0.74	1.08	1.26	1.12	1.30	0.98	2.25	2.10	1.71	0.75	0.89	1.59	0.94	0.79	0.33	1.89	0.60	0.58	0.74	1.10	0.60	1.16	1.22		0.68	1.63	1.87	0.57	0.73		2.08	0.75	0.63	0.81	0.45	0.61	0.76	1.44	1.04	1.36	1.35	0.32	0.76	0.60	1.04	1.29	0.18	1.06	1.73	1.59	1.78	1.49	1.33	1.54		1.09	1.90	1.05	0.52	0.80	0.38	0.50	0.58	1.61	0.99	0.89	0.67	1.79	1.38		2.12	0.65	1.73	0.81	2.41	2.85	0.57	2.06	1.66	1.16		1.60	0.99	1.45	1.03	0.58	1.03	0.79	0.43	0.59			0.35	0.64	1.27	1.41	2.17	2.68	1.98	1.26	2.49	2.03	0.67		0.73	1.29	1.77	2.67	2.00	1.50	2.69																			0.79		1.43		1.97		0.45	0.42	0.29	0.27	0.81	0.29																																																									0.59	0.88
1984	1.02	0.70	1.24	0.94	1.00	1.10	0.49	1.54	1.17	1.03	0.69	0.83	1.10	0.88	0.77	0.34	1.05	0.45	0.63	0.72	1.02	0.53	0.88	1.37		1.95	2.03	1.95	0.35	0.96		1.48	0.64	0.74	1.01	0.42	0.91	0.55	1.38	1.32	1.46	1.03	0.69	0.82	1.62	1.20	1.20	0.35	1.09	2.06	2.06	2.06	1.87	1.83	2.19	2.71	1.98	1.49	0.86	0.53	0.69	0.41	1.03	0.67	1.98	0.74	0.97	0.82	1.41	2.78		2.38	0.62	1.71	1.96	3.09	2.99	1.06	1.46	1.64	1.31		1.94	0.80	1.66	1.00	0.68	1.00	0.88	1.15	1.19		1.63	0.64	0.60	1.33	1.14	2.16	1.92	2.33	1.56	1.98	1.31	0.59		0.85	1.46	1.25	1.98	1.45	1.40	2.32	2.65	2.08				2.92		1.77	2.08	1.91	1.90								0.56		4.05		3.15	2.01	0.08	0.29	0.65	0.08	1.29	0.21																																																									0.92	0.67
1985	0.57	0.59	0.94	0.97	1.41	0.76	0.63	1.34	1.06	0.97	0.50	0.75	0.93	0.88	0.68	0.30	0.77	0.30	0.61	0.49	0.81	1.48	1.18	2.02		1.75	2.00	1.74	0.37	1.19		0.98	0.57	0.55	1.08	0.71	0.71	0.61	1.05	0.85	0.96	1.14	0.78	0.87	1.21	0.93	1.61	0.32	1.26	1.92	1.86	1.99	1.94	2.71	2.09	2.27	1.24	0.78	0.91	0.67	1.03	0.37	1.10	0.70	2.32	0.79	0.97	0.53	1.48	1.75	2.07	2.51	0.65	1.75	2.17	2.56	2.53	0.83	1.96	1.29	1.29		1.64	0.85	1.72	0.99	0.96	0.99	0.63	0.99	0.89	1.18	1.30	1.18	0.45	0.76	1.40	3.16	3.35	2.86	1.81	1.32	1.33	0.63		0.65	1.80	1.54	1.64	1.45	0.85	1.38	2.30	1.52		1.98		2.42	2.17	1.65	1.48	1.51	1.57								0.46		3.89		2.10	1.20	0.60	0.89	1.08	0.34	1.24	0.52																																																									0.76	0.86
1986	0.82	0.85	1.00	0.89	1.52	1.00	0.73	2.00	1.58	1.52	0.88	0.81	0.94	0.81	0.73	0.48	1.42	0.71	0.61	0.93	1.20	1.16	1.33	2.08		2.26	1.26	1.88	0.53	1.27		0.76	0.58	0.50	0.72	0.74	0.61	0.63	0.65	0.52	0.79	1.20	0.89	1.08	1.73	0.88	1.47	0.69	1.64	2.24	1.79	2.14	1.55	2.28	1.81	2.45	1.14	1.60	1.02	0.71	1.08	0.66	1.09	0.65	5.55	0.72	1.18	0.67	1.95	1.72	1.24	2.81	0.60	1.99	2.63	2.64	1.59	0.66	1.64	1.21	1.14		1.12	0.84	1.38	0.80	1.07	1.11	0.77	1.30	0.88	1.61	2.33	1.00	0.47	0.61	1.62	3.16	3.56	1.92	1.27	1.06	1.31	0.79	0.91	0.52	1.87	1.76	2.08	1.13	1.01	1.11	2.06	1.71	1.96	2.40		2.40	2.26	1.11	1.11	1.32	1.06								0.37	3.24	2.73	2.56	1.31	1.40	1.20	1.17	1.04	0.66	1.24	0.77																																																									0.74	0.71
1987	0.78	0.47	0.98	0.40	0.69	1.04	0.60	2.11	1.62	1.28	0.93	0.83	0.98	0.99	1.06	0.52	2.67	1.17	1.05	1.12	1.91	1.09	1.11	1.97		2.37	1.20	2.02	0.96	1.78		1.14	0.55	0.59	0.59	0.60	0.47	0.90	0.88	0.45	0.59	1.40	0.71	0.90	1.54	0.98	1.13	0.55	1.80	2.23	1.83	1.71	1.12	2.11	1.55	2.06	0.98	1.73	0.88	0.75	0.99	0.58	1.23	0.51	4.49	0.61	0.89	0.91	1.51	2.61	0.48	2.07	0.62	2.25	2.26	2.46	1.16	0.61	1.52	1.05	1.12		1.06	0.66	1.23	0.96	0.60	0.90	0.58	1.19	1.11	1.66	2.36	0.62	0.78	0.35	1.08	3.52	3.00	1.19	1.02	1.15	1.25	3.02	0.66	0.62	1.99	1.80	1.87	1.37	0.70	1.88	1.82	1.78	1.78	2.79		2.04	2.07	1.11	1.23	1.61	1.40								0.39	1.49	2.08	1.88	0.89	1.21	1.45	1.03	1.13	0.84	0.99	0.76																																																									1.09	1.06
1988	0.31	0.24	0.55	0.56	0.75	0.90	0.56	1.70	1.48	0.91	1.02	0.97	0.85	0.75	0.90	0.41	2.26	0.63	0.60	0.60	1.13	1.53	0.63	2.55		2.34	1.86	1.77	0.91	0.87		1.16	0.82	0.59	0.71	0.58	0.40	0.57	0.59	0.57	0.63	1.04	0.67	1.57	1.22	0.60	0.72	0.41	1.03	1.27	1.14	1.27	1.39	1.53	1.17	1.71	0.90	2.05	0.84	0.61	0.79	0.68	1.21	0.61	3.25	1.52	1.08	0.98	0.76	0.00	0.43	1.68	1.05	1.72	2.10	1.97	0.61	0.43	1.09	1.37	2.00		0.73	0.76	0.29	1.19	0.91	0.89	0.53	1.18	0.85	1.36	2.17	0.71	0.48	0.73	1.26	3.04	2.82	1.51	1.78	0.24	0.81	1.52	0.96	0.47	1.73	1.61	1.66	0.85	0.67	1.85	1.39	1.75	1.74	2.37		1.72	2.04	1.07	1.35	1.30	1.14								0.69	0.97	1.89	1.30	1.70	0.69	1.42	0.94	0.98	0.91	0.80	0.69					1.06																																																				1.70	1.20
1989	0.36	0.65	0.53	0.70	0.72	0.93	1.01	1.50	1.58	0.83	0.95	0.95	0.75	0.91	0.63	0.57	1.12	0.40	0.34	0.41	1.20	1.46	0.49	1.57		1.31	1.28	1.19	0.65	0.59		1.31	0.47	0.62	0.48	0.51	0.60	0.54	0.89	0.38	0.89	1.02	0.99	1.13	1.27	0.78	0.81	0.67	1.14	1.16	1.23	1.59	1.13	1.32	0.97	1.29	0.98	1.39	0.61	0.33	0.46	0.44	1.77	0.41	0.87	1.11	1.04	0.90	0.79	1.52	0.88	2.44	0.63	2.44	2.82	2.66	1.18	0.69	1.39	1.54	1.67	1.67	0.88	0.64	0.78	1.13	0.99	0.96	0.62	0.89	1.03	1.38	2.35	0.65	0.60	0.30	0.90	2.26	2.44	0.67	1.42	1.34	1.01	1.47	0.80	0.62	1.64	1.23	1.37	0.84	0.78	1.71	1.73	1.64	1.78	2.14		1.69	2.64	1.19	1.44	0.80	0.83					1.31			0.39	0.61	1.33	1.17	1.54	0.57	1.50	0.98	0.99	0.76	0.62	0.78					0.55																																																				2.14	1.15
1990	0.63	0.81	0.74	0.40	0.71	0.45	0.50	1.36	1.19	1.10	0.67	0.74	0.34	0.97	0.58	0.43	0.99	0.33	0.44	0.70	0.76	0.91	0.94	1.05		0.67	0.75	1.26	0.65	0.56	3.16	0.76	0.62	0.47	0.59	0.48	0.53	0.60	0.75	0.54	0.80	0.78	1.03	0.73	0.87	0.43	0.43	0.34	1.16	1.33	1.27	1.38	1.61	0.98	0.82	0.87	0.46	1.05	0.58	0.50	0.66	0.56	0.85	0.28	0.71	0.86	0.92	0.67	0.61	1.49	0.94	1.51	1.35	2.21	2.37	2.84	1.17	1.03	1.27	1.22	2.01	2.43	0.97	0.53	0.65	0.97	1.18	0.97	0.31	0.54	0.49	1.21	2.31	0.70	0.66	0.53	0.62	1.45	1.55	0.98	1.23	0.78	0.66	1.30	2.41	0.69	1.92	1.15	1.21	0.94	0.60	1.89	1.50	1.34	1.98	2.31		2.05	1.80	1.27	1.85	0.18	1.25					1.10		1.69	0.49	0.76	0.88	1.07	1.73	1.20	1.33	0.65	0.71	0.56	0.58	0.43					0.61																																																				2.33	2.00
1991	0.31	0.96	0.34	0.61	0.69	0.62	0.83	1.95	1.75	1.60	0.90	0.86	0.62	1.05	0.57	0.52	1.03	0.57	0.78	0.74	1.16	0.64	0.48	2.34		1.79	1.32	1.42	1.15	1.01	2.33	0.46	0.54	0.49	0.62	0.53	0.66	0.73	0.92	0.56	0.60	1.00	1.37	0.52	0.61	0.36	0.54	0.27	1.26	2.23	1.62	1.92	1.45	1.11	0.78	0.86	0.68	1.81	0.83	0.61	0.91	1.08	0.50	0.19	1.91	0.83	1.61	0.82	1.60	1.74	0.34	2.00	1.86	2.80	3.83	2.84	2.46	0.97	1.26	1.08	1.95	1.96	1.08	0.78	0.57	0.95	0.76	0.77	0.53	0.57	0.64	2.13	3.53	1.37	0.89	0.55	0.75	2.12	2.29	1.43	1.57	0.69	0.72	0.95	1.43	0.66	1.49	1.41	1.25	0.70	0.60	1.57	1.31	1.15	1.51	1.93		1.27	1.70	1.15	1.66	0.68	1.73					1.40		2.99	0.58	0.66	1.26	0.92	2.40	1.02	1.22	0.57	0.69	0.49	1.12	0.60					0.59										1.73																																										2.69	1.57
1992	0.60	1.12	0.65	1.16	0.97	0.71	1.03	1.76	1.44	1.27	0.94	0.94	0.79	1.21	0.71	0.55	0.98	0.51	0.40	0.45	1.19	1.07	0.81	2.11		2.02	1.74	1.64	1.46	1.46	2.07	0.26	1.03	0.88	0.86	0.45	0.68	0.90	0.79	0.50	0.72	1.10	1.31	1.08	0.75	0.74	1.06	0.85	0.83	1.64	1.60	1.80	1.09	1.33	1.08	1.78	1.17	1.61	0.92	1.19	1.13	1.52	0.46	0.36	0.86	0.98	1.41	1.00	1.31	1.42	0.65	1.95	2.16	3.13	3.15	3.33	2.16	0.93	1.58	0.88	1.78	1.24	1.03	1.07	0.70	0.87	0.76	0.91	0.96	0.80	0.91	1.90	3.28	0.88	0.92	0.47	0.97	2.22	2.34	0.91	1.10	0.78	0.82	1.05	1.05	0.76	1.77	1.80	1.32	0.68	0.74	1.58	1.46	0.93	1.84	2.15		0.92	2.85	1.26	1.87	1.11	1.91					1.56		1.68	0.77	0.58	0.68	0.60	2.22	1.35	1.68	0.64	1.12	0.27	1.32	0.50	3.21		0.62		0.50				1.77						2.80									2.08																																	2.21	1.39
1993	0.64	0.45	0.98	0.49	0.70	0.60	0.77	1.62	1.49	0.96	0.68	0.94	0.68	1.05	0.27	0.39	1.19	1.13	1.17	1.09	1.43	0.66	0.85	2.20	1.64	1.85	1.82	1.09	1.06	1.29	1.09	0.57	0.80	0.70	0.94	0.42	0.84	0.62	0.58	0.48	0.75	1.02	1.09	1.46	0.88	0.41	0.67	0.53	0.82	1.17	0.93	1.25	1.21	1.12	1.34	1.69	1.14	1.43	0.26	0.76	0.58	0.72	1.02	0.30	1.05	1.13	0.79	1.26	0.30	1.19	0.93	1.76	2.30	2.02	2.33	3.17	1.83	0.67	1.38	1.14	1.61	2.29	1.03	0.99	0.81	0.82	0.69	0.78	1.17	0.66	0.74	1.09	1.84	0.57	0.38	0.39	0.66	1.67	1.91	0.95	1.22	0.98	0.53	1.63	1.85	0.66	1.34	1.54	1.25	0.74	0.69	1.76	1.75	1.36	1.83	2.09		2.51	2.48	1.08	1.18	0.54	1.41			1.05		1.49		0.44	0.74	0.94	1.05	0.72	2.30	1.46	1.29	0.90	1.25	0.40	1.35	0.91	1.79	1.13	1.45		0.52		1.25		2.19						0.79									1.75										2.42																							1.85	1.10
1994	0.61	0.79	0.46	0.68	0.55	0.80	1.16	1.17	1.04	0.82	0.54	0.75	0.61	0.76	0.56	0.34	0.77	0.78	0.55	0.88	0.75	1.23	0.59	2.18	2.67	1.71	1.39	1.04	1.31	0.95	1.13	0.91	0.62	0.56	0.51	1.16	0.32	0.62	0.89	0.81	0.74	0.80	1.02	1.24	0.79	0.43	0.44	0.55	0.87	1.45	1.29	1.28	0.52	1.25	1.04	1.23	1.08	1.35	0.27	0.72	0.53	0.41	1.28	0.27	1.52	0.84	0.56	0.94	0.55	1.70	0.91	2.12	1.46	1.75	2.26	2.55	1.13	0.74	1.46	0.39	0.40	0.93	1.07	0.92	0.96	0.59	0.53	0.60	1.44	1.05	1.48	2.47	1.85	0.57	0.55	0.45	0.64	1.44	1.24	1.07	1.10	1.04	0.55	0.71	1.19	0.68	1.19	1.67	1.31	0.72	0.74	1.69	1.55	1.29	1.34	1.50		2.19	2.47	1.24	2.42	0.71	1.39			1.33		2.21		0.73	0.42	0.54	1.19	0.51	2.22	1.05	1.18	0.92	1.42	0.55	0.82	0.87	1.22	1.53	3.10	0.94	0.90		0.68	0.92	0.77	2.07	1.13		2.71		0.77		25.84	1.05					3.50	2.51										1.78													1.62	1.09	1.84	1.30							1.34	1.36
1995	0.84	0.19	0.50	0.25	0.33	0.67	0.94	1.48	1.00	1.41	0.57	0.29	0.62	0.45	0.48	0.27	0.33	0.77	0.19	0.93	0.47	1.05	0.42	0.79	1.08	0.71	0.45	0.62	0.43	0.11	0.60	0.38	0.56	0.25	0.43	0.91	0.21	0.78	0.33	0.24	0.36	0.15	0.57	1.19	0.30	0.27	0.54	0.17	0.50	0.42	0.53	0.66	0.60	0.14	0.31	0.36	0.26	0.70	0.15	0.24	0.18	0.25	0.59	0.16	2.33	0.57	0.33	0.68	0.38	0.76	0.70	1.49	2.12	1.05	1.54	2.57	1.40	0.33	0.73	1.23	1.23	1.87	1.07	0.43	0.76	1.05	0.51	0.47	0.80	0.39	0.64	1.23	1.06	0.17	0.26	0.78	0.40	1.07	0.91	0.78	1.63	0.24	0.38	0.22	1.09	0.60	0.38	0.59	0.82	0.97	0.21	1.51	1.21	1.04	1.24	1.14	1.33	2.56	1.32	1.55	2.12	0.49	1.15			0.97		1.15		0.90	0.83	0.52	1.02	0.48	2.02	0.93	1.24	0.86	0.74	0.76	0.79	0.93	0.78	0.80	0.71	0.83	0.81		0.53	0.75	0.70	0.75	1.36		0.99	1.23	0.46	0.62	1.77	1.66	1.28				2.44	1.44										1.36	1.38											1.26	1.21	1.33	0.70	0.29							1.93	0.82
1996	0.23	0.25	0.18	0.37	0.27	0.67	1.20	1.36	0.91	0.70	0.53	0.57	0.58	0.45	0.64	0.54	0.53	0.91	0.18	0.72	0.43	0.68	0.12	1.03	1.55	0.63	0.36	0.78	0.87	0.29	1.01	0.66	0.24	0.32	0.45	1.00	0.29	0.62	0.63	0.39	0.62	0.28	0.85	0.73	0.44	0.27	0.39	0.33	0.63	0.58	0.75	0.99	1.00	0.07	0.44	0.12	0.11	1.04	0.24	0.52	0.51	0.31	0.90	0.17	2.50	0.39	0.68	0.56	0.78	1.68	0.73	1.96	2.27	1.76	2.77	3.00	1.65	0.63	1.94	0.54	1.27	1.31	0.79	0.79	0.75	1.19	0.46	0.46	1.29	0.73	1.37	2.05	1.25	0.68	0.49	0.65	0.37	1.13	1.08	1.08	1.91	0.73	0.53	0.35	1.00	0.61	0.48	0.84	0.34	0.38	0.32	0.57	0.45	0.33	0.46	0.47	0.83	1.32	1.29	0.88	0.97	0.12	0.51			1.96		2.48	3.50	0.66	0.78	0.33	1.08	0.57	1.42	0.27	0.87	0.78	0.76	0.79	0.30	0.61	0.83	0.65	1.14	0.74	0.41	1.21	0.38	0.54	0.51	1.29	1.38	1.85	0.94	2.07	0.78	0.50	2.50	0.90	0.16		1.86		2.68	0.59										0.79	1.31			1.40		1.01						1.25	1.27	0.97	1.06	1.05		3.65	2.21				1.56	0.60
1997	0.40	0.31	0.25	0.59	0.69	0.85	1.22	1.59	1.05	0.95	0.60	0.60	0.52	0.48	0.76	0.44	0.80	0.73	0.07	1.12	0.65	0.86	0.38	2.01	2.02	1.75	1.85	1.34	1.43	0.51	1.39	0.15	0.64	0.73	0.54	0.47	0.51	0.72	0.67	0.62	0.74	0.75	0.80	1.18	0.27	0.29	0.70	0.44	0.75	1.24	1.63	1.67	0.80	0.65	0.68	0.53	0.68	1.63	0.38	0.56	0.66	1.01	0.76	0.07	2.83	0.99	0.47	0.35	0.71	1.61	1.00	2.55	3.70	1.62	2.32	3.57	2.15	0.32	1.07	0.66	1.13	1.38	0.60	0.84	0.14	0.78	0.36	0.36	1.88	1.06	2.02	3.08	2.44	0.53	0.87	0.69	0.78	1.82	1.37	1.20	1.51	1.18	0.87	0.72	0.97	0.49	1.15	1.07	0.61	0.14	0.36	0.92	0.76	0.56	0.95	1.20	1.18	1.17	2.26	0.89	1.04	0.22	0.83			2.48		2.89	1.67	0.70	0.91	0.41	0.78	0.72	0.82	0.67	0.62	0.58	0.20	0.59	0.12	0.73	0.59	0.91	0.79	0.40	0.57	1.44	0.81	0.95	1.14	1.55	0.56	0.89	0.64	1.70	0.69	0.46	1.33	0.55	0.94		1.62		3.40	1.52										0.87	1.17		1.40	0.81	1.26	0.65						1.09	1.07	1.45	1.28	0.72		2.29	3.16	3.12	1.58	1.44	1.04	0.55
1998	0.36	0.34	0.30	0.53	0.62	0.72	1.00	1.06	0.66	0.56	0.40	0.42	0.27	0.33	0.43	0.13	0.37	0.33	0.08	0.57	0.36	0.54	0.49	1.01	1.08	0.77	0.67	0.57	0.48	0.43	0.58	0.62	0.68	0.51	0.63	0.16	0.41	0.82	0.47	0.45	0.50	0.48	0.42	1.81	0.29	0.35	0.52	0.16	0.46	0.66	0.78	0.98	0.28	0.28	0.52	0.45	0.46	0.99	0.29	0.62	0.29	0.40	0.32	0.14	0.64	1.05	0.47	0.72	0.79	0.66	1.18	2.55	2.58	0.82	1.40	2.19	0.91	0.26	1.16	0.61	1.12	1.35	0.43	0.72	0.48	0.86	0.55	0.18	0.87	0.77	1.35	1.56	1.09	0.35	0.35	0.41	0.71	1.82	1.29	0.52	0.56	0.80	0.26	0.60	0.56	0.67	0.91	0.68	0.94	0.33	0.39	1.19	0.94	0.66	1.13	1.24	1.54	2.05	1.42	1.02	1.03	0.49	0.84	2.20		1.45		1.75	1.28	0.32	0.18	0.37	1.03	1.07	0.64	0.63	0.84	0.18	0.13	0.33	0.51	0.34	0.71	0.83	0.66	0.41	0.34	1.27	0.95	1.15	1.43	0.77	0.85	0.80	0.95	1.67	1.09	0.42	1.06	0.47	0.51	2.71	1.71		2.57	1.40		2.81				2.04	0.60			1.33	1.29	1.04	0.99	0.67	0.92	0.84			1.06			1.12	0.91	0.70	0.21	0.92	3.35	0.73	1.36	1.18	0.62	0.65	0.95	1.26
1999	0.47	0.15	0.14	0.19	0.20	0.58	1.04	1.14	0.81	0.71	0.44	0.35	0.26	0.21	0.38	0.11	0.35	0.21	0.18	0.66	0.56	0.53	0.54	0.36	0.80	0.31	0.33	0.37	0.33	0.21	0.88	0.10	0.86	0.26	0.30	0.29	0.16	0.66	0.20	0.18	0.31	0.17	0.17	1.08	0.08	0.12	0.16	0.12	0.42	0.49	0.36	0.41	0.92	0.26	0.20	0.25	0.40	0.61	0.11	0.41	0.19	0.28	0.27	0.10	1.44	0.43	0.49	0.54	0.38	1.15	0.85	1.07	1.53	0.36	0.38	0.74	1.91	0.42	1.01	0.64	1.13	1.52	0.39	0.31	0.45	0.71	0.77	0.42	0.82	0.41	0.91	0.95	0.42	0.31	0.45	0.67	0.24	0.76	0.78	1.06	1.07	0.28	0.09	0.18	0.90	0.16	0.86	0.32	0.38	0.47	0.08	0.70	0.67	0.44	0.62	0.45	1.28	2.06	0.67	1.08	1.12	0.51	0.59	0.71		0.72		0.94	1.24	0.32	0.42	0.28	1.29	0.76	1.42	0.62	0.27	0.13	0.47	0.25	0.34	0.14	0.36	0.32	0.32	1.15	0.60	1.09	0.72	1.26	1.08	0.77	0.60	1.17	1.06	1.18	0.69	0.69	0.59	0.36	0.55	1.42	0.30	0.90	1.02	0.70		2.00	2.25			2.16	1.71	2.11	1.58	1.31	1.51	0.73	1.43	1.01	0.72	1.01			0.92			1.75	0.94	0.87	0.42	1.46	2.75	0.17	0.70	0.45	0.16	0.20	1.60	0.84
2000	0.08	0.20	0.11	0.47	0.31	0.54	0.92	1.19	0.86	1.02	0.69	0.39	0.46	0.30	0.73	0.19	0.34	0.55	0.26	0.58	0.44	0.22	0.13	1.07	0.84	0.84	0.58	0.64	0.81	0.58	0.48	0.21	0.37	0.41	0.41	0.34	0.49	0.68	0.54	0.34	0.68	0.89	0.60	0.88	0.30	0.28	0.43	0.39	0.72	1.09	1.22	1.53	0.80	0.75	0.57	0.48	0.58	1.01	0.73	0.58	0.47	0.61	0.59	0.15	2.26	0.19	0.63	0.34	0.61	1.69	0.62	2.31	1.51	1.09	1.03	2.90	0.82	0.38	0.71	0.45	0.57	1.30	0.43	0.48	0.84	0.77	0.91	0.36	1.32	1.19	1.49	1.71	1.69	0.69	0.13	0.77	0.48	1.64	1.50	0.80	0.69	0.99	0.31	0.23	0.88	0.53	1.36	0.43	0.41	0.23	0.27	0.52	0.36	0.28	0.38	0.62	0.49	0.82	1.34	0.72	0.68	0.32	0.31	1.11		1.31	1.09	1.06	0.61	0.47	0.23	0.23	1.11	1.19	1.16	0.21	0.12	0.29	0.44	0.12	0.49	0.32	0.34	0.27	0.39	0.92	0.27	0.70	0.85	0.94	0.82	0.96	0.59	1.06	0.96	1.49	1.05	0.60	1.05	0.83	0.54	0.62	1.10	1.12	1.66	0.98	2.61	0.63	0.91	1.41	1.88	0.98	2.02	1.20	1.84	0.78	1.41	1.20	1.80	1.45	1.07	1.16			0.62			1.29	0.76	1.24	0.55	0.94	0.77	0.45	0.30	0.74	0.65	0.62	1.16	1.15
2001	0.17	0.28	0.25	0.24	0.28	0.69	0.93	1.20	0.92	1.09	0.79	0.30	0.60	0.32	0.52	0.22	0.61	0.88	0.31	1.13	0.74	0.51	0.71	1.35	1.12	0.88	0.61	0.74	0.75	0.65	0.66	0.28	0.58	0.62	0.78	0.43	0.38	0.58	0.40	0.37	0.54	0.52	0.35	0.39	0.20	0.13	0.29	0.35	0.61	0.97	1.32	1.53	0.58	0.88	0.90	0.92	0.74	1.03	0.47	0.32	0.47	0.58	0.43	0.06	1.10	0.19	0.28	0.43	0.47	0.83	0.47	0.64	1.45	0.46	0.47	1.55	0.54	0.46	0.48	1.17	0.60	2.53	0.36	0.55	0.55	0.83	0.45	0.36	1.59	1.44	1.62	1.28	1.86	0.67	0.51	0.73	0.25	1.53	1.06	0.65	0.65	0.61	0.21	0.15	0.79	0.60	1.03	0.56	0.61	0.31	0.27	0.43	0.45	0.44	0.47	0.74	0.70	1.38	1.69	0.98	1.08	0.40	0.53	1.00		1.75	1.49	1.69	0.75	0.75	0.49	0.47	0.49	1.43	0.50	0.46	0.26	0.23	0.58	0.17	0.41	0.30	0.83	0.92	0.64	0.24	0.33	1.34	1.08	1.22	1.18	1.32	0.31	1.09	0.70	1.67	1.04	0.89	1.03	0.98	0.52	0.52	1.24	1.67	2.59	1.30	2.19	0.08	0.14	0.34	1.14	0.34	0.96	1.16	1.41	0.74	0.78	2.14	1.84	1.27	1.55	0.92	1.20		0.70			1.04	0.58	0.27	0.51	0.30	0.21	0.79	0.88	1.14	1.09	1.59	0.85	0.77
2002	0.15	0.25	0.17	0.36	0.40	0.48	0.79	0.80	0.78	0.67	0.56	0.37	0.47	0.52	0.60	0.21	0.54	0.70	0.33	0.68	0.57	0.59	0.80	1.39	1.48	0.97	0.76	0.72	0.52	0.32	1.30	0.33	0.59	0.53	0.51	0.39	0.38	0.65	0.22	0.25	0.48	0.21	0.33	0.86	0.28	0.21	0.29	0.15	0.46	0.47	0.65	0.70	0.58	0.37	1.37	0.59	0.54	1.06	0.49	0.40	0.37	0.55	0.53	0.18	0.65	0.47	0.28	0.47	0.45	0.85	1.20	0.68	0.94	0.21	0.25	1.01	0.23	0.44	0.74	1.34	0.49	1.97	0.54	0.42	0.51	0.51	0.30	0.05	1.27	1.19	0.95	1.11	1.99	0.40	0.66	0.61	0.17	1.34	1.13	0.72	0.37	0.33	0.16	0.11	0.74	0.28	0.57	0.51	0.62	0.53	0.24	0.91	0.99	0.65	1.01	1.19	1.02	1.84	1.29	1.36	1.40	0.45	0.51	1.21	1.80	1.75	1.63	1.94	0.99	0.95	0.11	0.51	1.15	1.26	1.00	0.48	0.36	0.30	0.59	0.16	0.26	0.37	0.81	1.60	1.01	0.98	0.55	1.35	1.13	1.13	1.13	1.03	0.67	1.27	1.06	1.76	1.31	0.55	1.16	0.54	0.69	0.51	0.96	1.94	2.87	1.76	1.89	0.29	0.23	0.80	0.35	0.44	2.09	2.25	1.22	1.02	1.46	1.67	1.63	0.88	1.41	0.83	1.41		1.00	1.34		1.47	0.67	0.67	0.67	0.52	0.37	0.29	1.56	0.61	0.69	0.73	1.19	0.92
2003	0.36	0.31	0.19	0.59	0.44	0.34	0.30	0.55	0.44	0.23	0.06	0.10	0.16	0.13	0.17	0.06	0.12	0.51	0.13	0.26	0.31	0.49	0.65	1.48	1.52	0.73	0.75	0.52	0.38	0.23	0.50	0.28	0.54	0.43	0.53	0.43	0.35	0.30	0.16	0.14	0.22	0.14	0.21	0.98	0.05	0.04	0.12	0.13	0.43	0.62	0.47	0.75	0.78	0.28	1.00	0.36	0.41	0.82	0.34	0.50	0.29	0.70	0.31	0.12	0.76	0.41	0.29	0.20	0.42	0.56	0.83	0.51	1.25	0.13	0.18	0.88	0.74	0.39	0.87	1.31	0.87	1.91	0.40	0.51	0.36	0.57	0.62	0.12	1.26	1.59	1.20	1.30	1.39	0.32	0.51	0.63	0.12	1.14	0.74	0.74	0.75	0.24	0.13	0.09	0.40	0.23	0.45	0.28	0.45	0.49	0.20	0.93	0.83	0.57	0.70	0.84	1.05	1.48	1.36	1.46	1.04	0.51	0.75	0.38	2.00	1.26	1.20	1.09	0.95	0.27	0.18	0.41	0.88	0.37	0.59	0.70	0.25	0.31	0.35	0.16	0.23	0.26	0.43	0.71	0.23	0.77	0.28	0.79	0.79	0.78	0.72	0.63	0.88	1.61	1.13	0.83	0.62	0.56	0.61	0.72	0.43	0.61	0.23	1.50	1.09	0.54	0.89	0.34	0.51	0.83	0.31	0.46	1.56	2.06	1.22	1.17	1.85	0.63	0.68	1.94	0.68	1.07	0.68		0.99	1.21		1.66	0.61	0.64	0.61	0.69	0.71	0.96	0.41	1.14	0.89	1.11	1.86	0.83
2004	0.15	0.45	0.22	0.38	0.42	0.46	0.62	0.78	0.62	0.32	0.31	0.29	0.46	0.36	0.40	0.12	0.12	0.52	0.13	0.43	0.24	0.32	0.31	1.13	1.10	0.56	0.73	0.68	0.41	0.26	0.22	0.51	0.30	0.38	0.36	0.34	0.44	0.55	0.20	0.18	0.55	0.27	0.29	0.56	0.18	0.23	0.45	0.12	0.65	0.89	0.79	1.01	0.52	0.35	0.86	0.34	0.51	0.75	0.45	0.46	0.34	0.52	0.36	0.12	0.56	0.58	0.34	0.19	0.38	0.65	0.31	0.58	0.72	0.49	0.40	1.56	0.91	0.36	1.24	1.30	0.78	2.17	0.46	0.84	0.46	1.31	0.33	0.19	1.02	1.15	1.05	1.03	1.48	0.54	0.47	0.09	0.60	1.65	1.02	0.69	0.64	0.39	0.24	0.33	0.39	0.39	0.91	0.72	0.47	0.39	0.21	0.71	0.72	0.51	0.46	0.73	0.67	1.41	0.73	1.14	1.06	0.31	0.54	1.23	0.97	1.50	1.38	1.44	0.88	0.21	0.06	0.30	0.71	1.28	0.71	0.24	0.31	0.16	0.20	0.18	0.23	0.12	1.22	1.56	0.99	1.20	0.75	1.19	1.06	0.86	0.65	1.11	0.91	0.63	1.15	1.46	0.94	0.85	0.74	0.51	0.37	0.69	1.07	2.05	2.74	1.54	1.27	0.08	0.44	0.84	0.69	0.11	1.95	1.43	2.00	0.85	1.55	1.18	1.99	0.78	1.32	0.65	0.76	1.06	0.39	0.89		1.69	0.69	0.48	0.37	0.78	0.29	1.04	1.38	1.31	0.85	1.41	1.29	1.49
2005	0.18	0.41	0.28	0.60	0.47	0.59	0.94	1.11	0.69	0.84	0.11	0.26	0.13	0.31	0.38	0.14	0.22	0.73	0.16	0.55	0.50	0.33	0.45	0.81	2.12	0.36	0.58	1.10	0.40	0.23	0.66	0.53	0.58	0.17	0.25	0.46	0.38	0.84	0.28	0.18	0.29	0.13	0.30	0.12	0.09	0.10	0.29	0.19	0.44	0.71	0.46	0.70	0.73	0.16	0.66	0.13	0.19	0.68	0.28	0.10	0.10	0.25	0.23	0.12	0.63	0.29	0.67	0.28	0.54	1.05	0.26	0.21	0.37	0.10	0.18	1.08	1.12	0.64	1.44	1.54	0.74	2.36	0.07	1.23	0.59	0.75	0.35	0.32	0.69	0.52	0.64	0.65	0.51	0.51	0.45	0.27	0.13	0.99	0.75	0.57	0.75	0.19	0.17	0.23	0.70	0.29	0.18	0.86	0.48	0.37	0.15	0.52	0.54	0.31	0.47	0.62	0.82	0.87	0.50	0.64	0.68	0.24	0.38	0.74	1.71	0.82	0.96	1.08	1.08	0.28	0.10	0.35	0.33	1.06	0.95	0.32	0.17	0.12	0.30	0.16	0.16	0.11	0.81	0.93	0.95	1.02	0.84	1.13	0.76	0.76	0.20	0.84	0.66	0.99	0.49	1.58	0.67	0.69	0.93	0.27	0.45	0.72	0.61	1.60	1.27	0.85	1.66	0.37	1.04	0.79	1.42	0.24	0.80	2.00	1.58	1.39	1.51	0.72	0.47	1.23	0.67	1.06	0.55	1.71	0.74	0.78	1.22	1.94	0.62	0.63	0.34	0.43	0.86	1.27	1.66	1.26	0.77	1.28	1.72	1.44
2006	0.12	0.53	0.20	0.44	0.58	0.60	0.90	1.02	0.72	0.90	0.36	0.25	0.23	0.43	0.30	0.10	0.20	0.59	0.23	0.63	0.44	0.42	0.68	0.75	1.35	0.61	0.90	0.74	0.32	0.45	0.55	0.31	0.37	0.27	0.41	0.28	0.39	0.44	0.17	0.23	0.45	0.20	0.26	0.38	0.17	0.08	0.33	0.16	0.51	0.56	0.57	0.67	0.55	0.14	0.58	0.32	0.25	0.88	0.44	0.28	0.33	0.35	0.40	0.06	0.96	0.62	0.38	0.34	0.67	1.12	0.14	0.42	0.60	0.33	0.43	1.13	1.52	0.21	1.80	0.56	0.75	0.97	0.10	0.98	0.65	0.81	0.15	0.05	1.36	1.27	1.14	1.10	1.42	0.46	0.45	0.81	0.26	1.10	0.88	0.71	0.91	0.19	0.09	0.25	0.69	0.23	0.57	0.53	0.63	0.32	0.17	0.55	0.72	0.38	0.60	0.72	0.91	0.84	0.54	0.81	0.70	0.34	0.74	1.67	0.92	1.60	1.13	1.40	1.35	0.40	0.14	0.07	0.33	0.46	0.52	0.18	0.26	0.11	0.18	0.11	0.12	0.11	0.69	0.74	0.90	1.32	0.98	1.25	0.95	0.91	0.28	1.07	0.67	1.14	0.78	1.42	0.45	0.29	0.78	0.12	0.52	0.40	0.35	1.03	1.26	0.33	1.26	0.70	1.43	1.67	1.08	0.30	1.35	2.48	3.34	1.25	2.59	1.14	1.35	0.85	1.13	0.75	0.75	1.49	0.31	1.09	0.73	2.64	0.54	0.38	0.39	0.46	0.85	0.88	1.49	0.58	0.98	0.87	2.24	0.94
2007	0.26	0.28	0.28	0.53	0.33	0.72	0.96	1.01	0.87	0.84	0.31	0.32	0.31	0.44	0.24	0.10	0.26	0.46	0.32	0.75	0.66	0.38	0.74	0.73	1.00	0.52	0.86	0.98	0.40	0.23	0.56	0.29	0.54	0.61	0.48	0.15	0.42	0.26	0.30	0.15	0.38	0.35	0.22	0.25	0.15	0.12	0.29	0.20	0.35	0.61	0.65	0.80	0.42	0.11	0.52	0.20	0.17	0.68	0.47	0.19	0.38	0.57	0.31	0.06	0.52	0.28	0.32	0.40	0.60	0.78	0.18	0.46	0.27	0.56	0.51	2.14	0.82	0.23	0.58	0.37	0.25	0.90	0.17	0.51	0.93	0.78	0.27	0.07	1.20	1.33	0.74	1.14	1.48	0.36	0.18	0.50	0.16	1.25	1.02	0.64	0.95	0.46	0.17	0.17	0.23	0.21	0.25	0.35	0.50	0.17	0.13	0.64	0.46	0.26	0.35	0.48	1.05	0.68	0.63	0.66	0.78	0.20	0.48	1.63	1.21	0.85	0.83	1.29	1.59	0.13	0.18	0.18	0.19	0.25	0.46	0.47	0.35	0.05	0.13	0.11	0.11	0.06	0.71	0.49	0.63	1.34	0.60	1.10	0.65	0.96	0.74	0.75	0.89	0.80	0.63	1.36	0.61	0.73	0.24	0.24	0.48	0.99	0.32	0.80	1.18	0.64	1.19	1.18	1.32	1.65	0.92	0.70	0.83	1.24	2.24	0.61	2.09	0.63	0.84	1.78	0.82	1.17	0.55	0.74	0.92	1.15	0.70	2.09	0.50	0.32	0.24	0.57	1.21	1.07	0.85	1.22	0.86	1.07	1.89	0.91
2008	0.09	0.28	0.14	1.58	0.24	0.79	0.93	1.34	0.78	1.04	0.67	0.34	0.59	0.45	0.40	0.14	0.68	1.49	0.54	0.86	0.71	0.23	0.43	0.77	0.72	0.54	0.70	0.59	0.29	0.10	0.17	0.32	0.46	1.02	0.64	0.47	0.39	0.48	0.20	0.18	0.34	0.18	0.25	0.22	0.12	0.11	0.22	0.10	0.34	0.45	0.43	0.63	0.87	0.32	0.58	0.17	0.16	0.94	0.54	0.43	0.34	0.33	0.35	0.11	0.58	0.60	0.45	0.38	0.54	0.93	0.64	0.29	0.19	0.39	0.32	1.57	0.88	0.20	0.47	0.54	0.52	1.36	0.21	0.38	0.75	0.79	0.26	0.08	1.12	0.96	0.67	1.18	1.46	0.40	0.34	0.14	0.17	1.32	0.73	0.63	0.70	0.54	0.19	0.28	0.60	0.21	0.28	0.44	0.35	0.16	0.09	0.51	0.46	0.26	0.59	0.61	0.76	0.82	1.19	1.02	0.79	0.25	0.23	2.27	0.81	2.12	1.39	1.83	1.77	0.29	0.24	0.05	0.12	0.25	0.42	0.48	0.17	0.06	0.10	0.11	0.20	0.06	0.24	0.30	0.66	1.15	0.91	0.84	0.39	0.49	0.36	0.39	0.52	0.44	0.69	1.59	0.46	0.60	0.49	0.21	0.14	0.91	0.30	0.73	0.94	0.64	1.74	0.77	1.00	0.69	0.99	0.54	0.93	1.47	1.57	1.86	0.92	1.39	1.20	0.94	1.32	0.55	0.24	0.84	0.27	1.20	0.59	1.17	0.32	0.29	0.22	0.50	0.85	1.16	1.19	1.09	1.24	1.35	1.73	1.02
2009	0.18	0.50	0.12	1.38	0.62	1.16	1.18	1.31	0.91	1.14	0.83	0.55	0.73	0.89	0.44	0.28	0.52	2.06	0.41	1.10	0.88	0.29	0.70	0.91	1.01	0.58	0.91	1.03	0.35	0.09	0.34	0.28	0.54	0.80	0.77	0.31	0.38	0.43	0.21	0.34	0.24	0.18	0.20	0.14	0.31	0.23	0.37	0.27	0.51	0.94	0.86	1.50	0.27	0.43	1.41	0.59	0.41	1.32	0.68	0.71	0.71	0.70	0.74	0.09	0.56	0.97	0.59	0.28	0.95	0.95	0.43	0.50	0.05	0.30	0.29	1.23	0.42	0.39	0.86	0.43	0.31	1.07	0.14	0.49	0.38	0.35	0.34	0.07	1.32	1.26	1.34	1.67	2.32	0.36	0.37	0.44	0.17	1.10	0.77	0.38	0.31	0.43	0.24	0.30	0.42	0.15	0.38	0.64	0.56	0.23	0.12	0.75	0.68	0.47	0.37	0.61	0.62	1.33	1.28	1.12	0.95	0.19	0.18	2.17	1.71	1.98	1.28	1.69	1.14	0.14	0.06	0.05	0.18	0.16	0.42	0.30	0.13	0.09	0.17	0.04	0.18	0.09	0.52	0.97	0.89	0.94	0.63	1.04	0.47	0.47	0.47	0.55	0.45	0.35	0.32	1.45	0.41	0.40	0.30	0.20	0.28	0.35	0.53	0.97	1.75	1.34	2.01	1.25	1.64	1.40	1.57	0.88	1.98	1.90	1.84	1.83	1.71	1.00	0.69	0.61	0.32	0.58	0.16	0.98	0.46	0.25	1.20	1.73	0.44	0.53	0.39	0.62	1.28	0.79	1.27	0.58	0.62	0.88	1.48	1.09
2010	0.21	0.21	0.32	0.31	0.35	0.66	0.42	0.88	0.57	0.76	0.24	0.31	0.19	0.40	0.18	0.12	0.47	0.85	0.14	0.61	0.58	0.44	0.69	0.57	0.47	0.48	0.60	0.41	0.12	0.08	0.15	0.05	0.43	0.35	0.42	0.34	0.23	0.32	0.14	0.18	0.30	0.12	0.18	0.15	0.24	0.10	0.15	0.08	0.23	0.37	0.37	0.47	0.71	0.05	0.40	0.21	0.17	0.35	0.19	0.50	0.28	0.22	0.28	0.07	0.41	0.56	0.26	0.33	0.61	0.58	0.19	0.16	0.11	0.18	0.14	0.66	0.62	0.26	0.79	1.39	0.88	2.35	0.13	0.27	0.19	0.29	0.19	0.08	0.81	0.65	0.51	1.11	1.24	0.09	0.16	0.46	0.20	0.78	0.41	0.40	0.47	0.07	0.12	0.17	0.29	0.18	0.09	0.34	0.43	0.36	0.07	0.78	0.68	0.41	0.85	1.06	0.97	1.42	0.70	1.09	1.23	0.25	0.39	1.62	1.47	0.98	0.36	0.91	1.32	0.06	0.17	0.14	0.14	0.19	0.35	0.58	0.14	0.09	0.18	0.05	0.11	0.08	0.36	0.45	0.61	0.88	0.91	0.77	0.48	0.49	0.29	0.61	0.37	0.53	0.35	1.05	0.23	0.34	0.24	0.14	0.18	0.26	0.30	0.63	1.12	1.13	1.72	1.70	1.92	1.39	1.66	1.40	2.16	2.07	1.87	1.86	1.42	1.17	0.75	0.68	0.40	0.70	0.94	1.25	0.95	0.52	1.30	1.99	0.57	0.49	0.37	0.73	1.00	0.80	0.69	0.62	0.80	0.71	1.70	1.13
2011	0.19	0.50	0.10	0.53	0.52	0.47	0.45	1.02	0.81	0.54	0.22	0.29	0.38	0.37	0.07	0.10	0.38	0.50	0.35	1.41	0.58	0.23	0.40	0.74	1.10	0.56	1.38	1.18	0.16	0.04	0.32	0.04	0.26	0.40	0.86	0.63	0.56	0.28	0.20	0.22	0.18	0.17	0.28	0.13	0.37	0.21	0.40	0.16	0.48	0.89	0.79	1.48	0.68	0.23	1.19	0.40	0.35	1.18	0.28	0.87	0.62	0.44	0.49	0.11	0.83	0.49	0.49	0.43	0.77	1.43	0.24	0.22	0.09	0.23	0.18	1.05	0.86	0.81	1.86	1.58	0.73	2.02	0.09	0.54	0.25	0.34	0.18	0.16	1.56	1.16	0.62	1.36	1.50	0.07	0.21	0.29	0.22	0.94	0.60	0.33	0.34	0.15	0.13	0.19	0.11	0.24	0.27	0.57	0.97	0.13	0.12	0.28	0.30	0.17	0.30	0.47	0.69	0.76	1.05	0.64	0.92	0.16	0.38	2.80	1.18	1.50	0.73	1.77	0.46	0.11	0.11	0.19	0.32	0.18	0.39	0.51	0.14	0.08	0.11	0.09	0.13	0.05	0.42	0.45	0.59	1.04	0.83	0.27	0.16	0.22	0.09	0.19	0.38	0.20	0.44	1.98	0.50	0.15	0.16	0.15	0.26	0.33	0.47	0.48	0.78	1.08	1.01	0.67	0.93	0.59	0.71	0.69	2.43	1.46	2.58	2.02	1.80	1.03	1.04	1.10	0.55	0.93	0.40	1.17	0.52	0.40	0.41	2.14	0.61	0.41	0.38	0.61	0.64	0.79	0.66	0.43	0.62	0.83	1.95	1.15
2012	0.22	0.84	0.13	0.83	0.69	0.42	0.42	0.80	0.82	0.55	0.45	0.34	0.47	0.68	0.27	0.10	0.93	0.94	0.26	1.28	0.53	0.74	1.12	0.82	1.09	0.58	1.86	0.88	0.09	0.23	0.28	0.10	1.13	0.28	0.54	0.24	0.77	0.29	0.09	0.06	0.15	0.13	0.24	0.13	0.30	0.13	0.53	0.17	0.34	1.03	0.92	1.21	0.84	0.58	1.80	0.64	0.30	1.96	0.43	1.19	0.47	0.81	0.32	0.08	0.96	0.48	0.35	0.28	0.57	1.10	0.38	0.23	0.08	0.28	0.19	1.16	0.49	0.82	1.45	1.35	0.64	2.05	0.05	0.43	0.14	1.14	0.05	0.10	1.62	1.45	0.74	1.87	1.38	0.07	0.41	0.28	0.20	1.28	0.55	0.50	0.35	0.12	0.08	0.09	0.33	0.23	0.22	0.37	0.79	0.30	0.07	0.80	0.99	0.32	0.67	0.85	1.26	1.08	1.58	1.01	1.03	0.13	0.45	2.47	2.51	1.94	1.17	1.77	1.03	0.06	0.18	0.10	0.31	0.22	0.33	1.08	0.15	0.06	0.07	0.09	0.18	0.06	0.44	0.59	0.41	0.48	0.87	0.44	0.23	0.35	0.19	0.41	0.10	0.30	0.25	1.91	0.51	0.24	0.24	0.19	0.15	0.27	0.42	0.72	0.87	1.49	1.49	1.29	1.30	1.22	1.27	1.11	2.84	2.04	1.80	1.70	2.23	1.21	1.18	0.71	0.51	0.78	0.64	0.55	0.55	0.51	0.43	2.36	0.47	0.43	0.42	0.64	0.69	0.70	0.62	0.59	0.75	0.79	1.99	0.68
2013	0.23	1.07	0.14	1.03	1.10	0.78	0.99	1.08	0.88	1.27	0.60	0.45	0.62	0.84	0.40	0.12	1.27	1.11	0.47	1.44	1.16	0.14	0.24	1.19	1.15	0.65	1.22	1.03	0.08	0.10	0.15	0.07	0.49	0.38	0.47	0.30	0.57	0.43	0.07	0.06	0.15	0.08	0.30	0.10	0.22	0.11	0.37	0.11	0.46	0.80	0.74	0.55	0.53	0.18	1.08	0.47	0.13	1.24	0.49	1.16	0.84	0.76	0.39	0.07	0.79	0.27	0.47	0.61	0.91	1.04	0.26	0.15	0.12	0.14	0.21	1.00	0.16	1.11	1.06	0.96	0.39	1.42	0.09	0.57	0.66	0.79	0.05	0.10	1.40	1.30	0.76	1.55	1.76	0.06	0.20	0.41	0.17	1.02	0.73	0.13	0.10	0.14	0.13	0.07	0.16	0.18	0.12	0.30	0.46	0.36	0.06	0.92	0.84	0.33	0.94	1.03	1.37	1.21	1.12	1.34	1.04	0.07	0.40	1.90	2.62	1.57	0.68	1.84	0.79	0.07	0.66	0.15	0.60	0.41	0.31	0.76	0.08	0.07	0.09	0.07	0.18	0.07	0.68	0.85	0.63	0.75	0.43	0.62	0.18	0.42	0.19	0.49	0.37	0.27	0.45	1.84	0.45	0.16	0.33	0.20	0.14	0.18	0.96	0.86	1.26	1.44	1.49	0.68	0.90	0.55	0.91	0.73	2.71	1.57	2.41	0.95	2.61	0.97	1.30	1.01	0.62	0.94	0.48	0.98	0.45	0.27	0.31	2.00	0.52	0.43	0.65	0.82	0.52	0.43	0.69	0.28	0.62	0.63	2.06	0.60
2014	0.25	0.18	0.42	0.31	0.43	0.75	0.71	0.87	1.01	0.80	0.38	0.23	0.40	0.69	0.19	0.08	1.08	1.25	0.64	1.15	1.45	1.05	0.79	0.55	0.26	0.37	0.90	0.71	0.04		0.27	0.06	0.54	0.14	0.25	0.30	0.19	0.35	0.06	0.06	0.12	0.07	0.10	0.09	0.06	0.07	0.09	0.07	0.16	0.51	0.46	0.49	0.61	0.10	0.32	0.05	0.04	0.55	0.11	0.30	0.14	0.18	0.05	0.10	0.34	0.46	0.10	0.30	0.41	0.40	0.17	0.04	0.10	0.07	0.10	0.33	0.18	0.59	0.67	0.66	0.57	1.58	0.14	0.45	0.66	0.90	0.04	0.07	0.81	0.46	0.17	0.45	0.59	0.06	0.11	0.23	0.04	0.43	0.19	0.10	0.12	0.10	0.11	0.06	0.18	0.08	0.09	0.13	0.24	0.26	0.05	1.09	1.08	0.53	0.85	0.95	1.44	0.68	0.54	0.88	1.08	0.10	0.25	2.11	1.74	1.15	0.19	1.25	0.79	0.07	0.31	0.07	0.31			0.85	0.10	0.04	0.15	0.10	0.15	0.06	0.21	0.41	0.55	0.50	0.68	0.75	0.29	0.61	0.21	0.45	0.66	0.49	0.32	1.61	0.26	0.26	0.21	0.15	0.09	0.09	0.70	0.31	0.83	0.90	1.14	1.20	1.16	1.00	0.97	1.04	1.28	0.72	1.72	0.69	1.54	1.17	1.45	1.38	0.98	0.94	0.70	0.72	0.89	0.51	0.80	2.11	0.36	0.23	0.79	0.66	0.62	0.33	0.57	0.26	0.45	0.53	2.24	1.13
2015	0.13	0.23	0.07	0.42	0.37	0.96	0.94	1.10	0.93	1.18	0.58	0.37	0.65	0.90	0.27	0.09	0.91	0.99	0.71	1.32	1.00	0.77	0.57	0.47	0.34	0.31	0.61	0.49	0.07		0.05	0.04	0.26	0.40	0.54	0.54	0.30	0.21	0.08	0.08	0.06	0.08	0.07	0.10	0.13	0.11	0.18	0.11	0.25	0.60	0.35	0.47	0.38	0.11	0.38	0.07	0.15	0.69	0.17	0.37	0.32	0.33	0.07	0.07	0.36	0.29	0.12	0.45	0.48	0.60	0.26	0.15	0.16	0.06	0.04	0.35	0.13	0.43	0.76	0.53	0.30	1.78	0.07	0.38	0.69	0.75	0.05	0.09	0.79	0.42	0.17	0.39	0.72	0.10	0.19	0.22	0.08	0.34	0.22	0.07	0.06	0.05			0.18		0.13	0.11	0.27	0.19	0.04	0.25	0.35	0.12	0.35	0.61	0.61	0.36	0.39	0.87	1.03	0.06	0.35	2.37	2.06	0.81	0.30	1.46	0.33	0.06	0.16	0.15	0.38			0.21	0.10	0.04	0.16	0.08	0.15	0.04	0.20	0.36	0.67	0.63	0.72	0.22	0.09	0.19	0.06	0.16	0.75	0.25	0.34	1.53	0.36	0.21	0.23	0.05	0.12	0.19	0.64	0.34	0.65	0.48	0.86	0.72	0.83	0.88	0.62	0.76	1.15	0.41	1.49	0.44	1.37	1.81	0.90	0.46	0.91	0.73	0.44	0.90	1.13	0.30	0.08	1.59	0.52	0.41	1.41	0.70	0.36	0.28	0.41	0.19	0.39	0.68	2.25	1.22
2016	0.05	0.23	0.15	0.37	0.30	0.74	0.64	0.76	0.57	0.80	0.23	0.22	0.41	0.34	0.13	0.08	0.40	0.56	0.36	0.76	0.72	0.36	0.41	0.43	0.43	0.46	0.76	0.66			0.07	0.05	0.38	0.31	0.57	0.20	0.24	0.23			0.08		0.06	0.10	0.10	0.15	0.08	0.11	0.14	0.52	0.38	0.43	0.40	0.06	0.20	0.04	0.28	0.49	0.24	0.61	0.45	0.36	0.08	0.09	0.77	0.36	0.18	0.10	0.60	0.74	0.29	0.12	0.09	0.08	0.09	0.33	0.40	0.46	0.90	0.52	0.21	1.68	0.06	0.30	0.54	0.45	0.14	0.08	1.03	0.58	0.09	0.38	0.87		0.19	0.13	0.05	0.39	0.17	0.06	0.07	0.06			0.31		0.15	0.11	0.21	0.16	0.06	0.30	0.20	0.15	0.31	0.49	0.38	0.50	0.34	0.55	0.64	0.08	0.30	2.20	1.89	1.58	0.76	1.53	0.33	0.07	0.12	0.03	0.16			0.10	0.12	0.11	0.08	0.09	0.12	0.05	0.10	0.35	0.50	1.06	0.53	0.49	0.11	0.30	0.11	0.20	0.29	0.32	0.11	1.72	0.46	0.37	0.27	0.07	0.11	0.19	0.60	0.58	0.65	0.80	1.11	0.58	0.66	0.71	0.61	0.60	1.04	0.49	1.19	0.55	0.75	0.92	0.45	0.33	0.52	0.27	0.27	0.57	0.15	0.28	0.16	1.29	0.28	0.19	0.67	0.30	0.33	0.25	0.37	0.33	0.66	0.75	0.92	0.84
2017	0.22	0.15	0.05	0.72	0.90	0.35	0.45	0.83	0.76	0.99	0.13	0.22	0.27	0.56	0.17	0.10	0.35	0.43	0.09	0.63	0.54	0.40	0.45	0.49	0.75	0.34	0.82	0.87			0.05	0.10	0.31	0.18	0.67	0.40	0.22	0.28			0.12		0.12	0.09	0.19	0.14	0.16	0.11	0.17	0.54	0.43	0.43	0.84	0.37	0.70	0.19	0.29	0.70	0.21	0.51	0.35	0.43	0.08	0.12	0.73	0.39	0.17	0.18	0.54	0.67	0.40	0.22	0.10	0.17	0.10	0.71	0.24	0.30	0.96	0.67	0.33	1.68	0.05	0.24	0.15	0.25	0.17	0.11	0.98	0.82	0.16	0.52	0.82		0.04	0.20	0.08	0.60	0.15	0.18	0.09	0.22			0.14		0.25	0.06	0.30	0.09	0.07	0.54	0.44	0.23	0.42	0.77	0.84	0.67	0.70	0.60	0.52	0.11	0.19	2.91	2.27	2.09	1.23	1.38	0.24	0.08	0.59	0.20	0.09			0.17	0.09	0.05	0.13	0.10	0.12		0.07	0.24	0.28	0.34	0.53	0.33	0.12	0.28	0.07	0.19	0.41	0.14	0.12	1.52	0.44	0.16	0.42	0.07	0.07	0.21	0.52	0.58	0.67	0.97	0.73	0.39	0.58	0.56	0.53	0.59	0.99	0.53	1.35	0.37	1.19	0.63	0.39	0.32	0.39	0.23	0.18	0.78	0.19	0.41	0.10	1.72	0.35	0.20	0.76	0.33	0.24	0.24	0.37	0.18	0.26	0.30	0.55	0.93
2018	0.26	0.67	0.07	0.91	1.11	0.35	0.56	1.06	1.00	0.90	0.39	0.25	0.58	0.93	0.29	0.04	0.40	0.96	0.14	1.02	0.95	0.49	0.47	1.73	1.39	0.68	1.80	1.74			0.07	0.15	0.30	0.19	0.60	0.37	0.36	0.24			0.05		0.11	0.08	0.50	0.14	0.44	0.06	0.24	0.84	0.77	0.77	0.59	0.31	0.77	0.21	0.20	0.89	0.42	1.24	0.74	0.61	0.23	0.06	1.16	0.63	0.29	0.21		1.13	0.16	0.14	0.08	0.14	0.11	0.85	0.41	0.17	1.40	0.65	0.26	1.11	0.06	0.48	0.12	0.24	0.18	0.10	1.66	1.13	0.26	0.89	1.72		0.06	0.16	0.07	0.94	0.22	0.18	0.24	0.08			0.07		0.14	0.14	0.50	0.19		0.69	0.61	0.19	0.85	1.13	1.42	1.16	0.43	0.99	0.90	0.07	0.20	2.88	3.03	2.64	1.64	1.76	0.30	0.08	0.88	0.09	0.10			0.30	0.05	0.05	0.11	0.10	0.19		0.30	0.46	0.29	0.43		0.55	0.17	0.37	0.10	0.31	0.41	0.14	0.14	1.40	0.61	0.21	0.05	0.06	0.14	0.13	0.86	0.86	0.82	0.82	1.17	0.63	0.71	0.57	0.36	0.59	1.07	1.45	1.11	0.91	1.29	0.45	0.29	0.46	0.34	0.23	0.27	0.44	0.15	0.55	0.13	1.69	0.55	0.43	0.49	0.55	0.20	0.23	0.42	0.31	0.18	0.23	0.27	3.10
2019	0.14	0.33	0.11	0.74	0.84	0.37	0.59	1.07	0.79	0.57	0.20	0.28	0.40	0.60	0.14		0.16	0.51	0.07	0.62	0.56	0.64	0.58	1.60	1.39	0.58	1.51	1.62			0.04	0.10	0.46	0.28	1.12	0.14	0.55	0.27			0.04		0.08	0.06	0.38	0.33	0.38	0.11	0.29	0.70	0.74	0.74	0.66	0.36	0.92	0.19	0.07	0.86	0.34	1.03	0.60	0.68	0.22	0.07	0.94	0.19	0.27	0.30		1.04	0.11	0.27	0.08	0.18	0.09	1.14	0.41	0.18	1.03	0.60	0.24	0.86	0.06	0.24	0.07	0.06	0.06	0.12	1.42	1.40	0.31	1.07	2.02		0.07	0.06	0.12	1.19	0.32	0.13	0.14				0.07		0.31	0.19	0.31	0.21		0.86	0.78	0.20	0.82	0.99	1.05	0.75	0.60	0.98	0.70	0.05	0.33	2.60	2.17	2.68	1.50	1.91	0.16	0.10	0.58	0.05	0.06			0.80	0.04	0.05	0.12	0.08	0.16		0.17	0.21	0.14	0.76		0.60	0.20	0.40	0.09	0.36	0.53	0.14	0.04	0.86	0.34	0.07	0.12	0.05	0.17	0.06	0.91	0.47	0.97	0.56	0.95	0.20	0.21	0.29	0.21	0.22	1.30	0.73	1.50	0.59	1.82	0.56	0.41	0.37	0.38	0.18	0.37	0.38	0.15	0.58	0.12	1.89	0.47	0.32	0.54	0.74	0.15	0.12	0.35	0.14	0.16	0.19	0.28	2.14
2020	0.11	0.20	0.05	0.61	0.52	0.42	0.59	0.85	0.68	0.65	0.24	0.26	0.48	0.45	0.17		0.55	0.82	0.17	0.81	0.70	0.17	0.03	1.65	1.32	0.70	1.52	1.47			0.05	0.10	0.37	0.25	0.75	0.16	0.50	0.11					0.10	0.09	0.51	0.23	0.37	0.06	0.30	0.57	0.74	0.56	0.47	0.27	0.74	0.13	0.20	0.38	0.50	1.00	0.72	0.62	0.28	0.05	0.79	0.16	0.30	0.39		0.85	0.26	0.11	0.09	0.07	0.17	0.69	0.40	0.05	0.94	0.62	0.23	0.96	0.10	0.14	0.06	0.08	0.05	0.04	1.37	1.16	0.33	1.06	1.71		0.07	0.04	0.15	1.01	0.27	0.21	0.24				0.09		0.16	0.14	0.30	0.19		0.71	0.72	0.15	0.80	0.89	1.06	0.75	0.54	0.86	0.88	0.17	1.05	1.79	2.17	1.56	1.09	1.57	0.19	0.07	0.60	0.05	0.05			1.50	0.11	0.06	0.13	0.10	0.11		0.30	0.24	0.14	0.68		0.41	0.10	0.30	0.10	0.17	0.48	0.20	0.05	0.89	0.23	0.10	0.19	0.06	0.14	0.07	0.66	0.42	0.58	0.52	0.67	0.37	0.37	0.40	0.27	0.35	0.77	1.46	0.93	1.33	1.56	0.36	0.40	0.39	0.44	0.21	0.35	0.49	0.14	0.48	0.42	1.39	0.49	0.50	0.46	0.59	0.18	0.32	0.21	0.42	0.42	0.36	0.27	1.53
2021	0.14	0.39	0.13	0.47	0.80	0.53	0.77	1.15	0.91	0.62	0.35	0.30	0.47	0.55	0.17		0.48	0.82	0.19	0.82	0.40	0.42	0.48	1.89	1.04	0.75	1.40	1.28			0.09	0.00	0.43	0.15	0.44	0.49	0.55	0.12					0.13	0.06	0.74	0.09	0.47	0.07	0.22	0.78	0.73	0.65	0.38	0.62	0.99	0.24	0.07	0.86	0.51	1.11	0.96	0.81	0.43	0.05	1.17	0.13	0.40	0.41		1.05	0.18	0.38	0.05	0.18	0.10	0.79	0.49	0.15	0.77	0.89	0.39	1.78	0.08	0.30	0.04	0.11	0.06	0.06	1.97	1.49	0.69	1.32	1.63			0.06	0.21	1.24	0.57	0.14	0.21				0.05		0.06	0.29	0.52	0.11		0.67	0.57	0.12	0.79	1.00	1.13	0.43	0.62	0.56	0.93	0.05	0.62	1.29	1.73	1.84	0.98	1.11	0.33	0.12	0.57	0.14	0.10			0.80	0.12		0.09	0.12	0.12		0.61	0.72	0.15	0.41		0.62	0.09	0.25	0.13	0.20	0.21	0.11	0.10	1.23	0.45	0.03	0.12	0.06	0.15	0.10	1.32	0.85	1.32	1.01	1.91	0.08	0.46	0.11	0.04	0.14	1.30	2.33	1.53	1.77	1.86	0.52	0.40	0.38	0.52	0.50	0.39	0.61	0.19	0.46	0.45	1.76	0.60	0.72	0.70	0.78	0.09	0.51	0.50	0.50	0.49	0.52	0.22	0.95
2022	0.11	0.54	0.08	0.58	0.87	1.22	1.24	1.41	1.39	1.18	0.59	0.44	0.68	1.06	0.37		0.60	0.92	0.23	1.21	0.77	0.52	0.63	1.54	1.09	0.75	1.29	1.18			0.04	0.11	0.31	0.10	0.47	0.26	0.19	0.05					0.22	0.05	0.55	0.12	0.23		0.19	0.51	0.68	0.46	0.31	0.27	0.67	0.09	0.05	0.58	0.50	1.05	1.05	0.83	0.42		1.06	0.21	0.37	0.38		1.29	0.20	0.22	0.06	0.05	0.05	0.97	0.45	0.26	0.79	0.72	0.39	1.31	0.06	0.64	0.08	0.28	0.04	0.05	1.75	1.13	0.51	1.11	1.65			0.06		0.79	0.61	0.07	0.17				0.04			0.24	0.66	0.20		0.66	0.53	0.14	0.66	0.89	1.26	0.51	0.73	0.58	0.79	0.05	0.28	1.83	1.81	1.67	1.35	1.39	0.14	0.20		0.10	0.10			0.80	0.09		0.04	0.07	0.10		0.62	0.65	0.29	0.48		0.89	0.16	0.44	0.10	0.34	0.17	0.13	0.05	1.59	0.47	0.06	0.16	0.07	0.04	0.07	1.56	1.04	1.34	1.77	1.91	0.31	0.63	0.33	0.28	0.35	1.71	2.00	2.04	1.30	1.98	0.45	0.30	0.68	0.24	0.57	0.18	0.51		0.34	0.39	1.79	0.77	0.67	1.03	1.05	0.40	0.52	0.59	0.46	0.71	0.77	0.40	1.28
2023	0.36	0.30	0.05	1.09	0.69	0.90	0.83	1.11	0.93	0.79	0.29		0.43	0.49	0.35		0.64	0.61	0.18	1.09	0.83	0.82	0.68	0.90	0.74	0.50	0.97	0.90				0.16	0.21		0.21	0.26	0.11	0.05					0.10	0.06	0.36	0.05	0.17		0.14	0.46	0.56	0.45	0.09	0.05	0.66			0.42	0.45	0.70	0.58	0.36			0.55	0.16	0.20	0.15		1.11	0.18	0.11	0.07	0.02	0.07	0.41	0.18	0.19	0.84	1.06	0.31	0.97	0.05	0.58	0.21	0.39	0.05	0.04	0.97	0.85	0.21	0.57	1.04			0.09		0.80	0.35	0.07	0.12				0.06			0.15	0.26	0.11		0.91	0.55	0.13	0.86	1.05	1.28	0.61	0.83	0.53	0.77	0.05		1.84	1.94	2.18	2.13	1.45	0.18	0.17		0.13	0.24			1.35	0.04			0.10	0.07		0.43	0.30	0.17			1.16	0.15	0.50	0.21	0.55	0.25	0.21	0.05	1.51	0.37	0.03	0.11	0.05	0.06	0.08	1.40	0.96	1.38	1.57	1.68	0.53	0.88	0.40	0.50	0.41	1.34	1.15	1.81	0.81		0.97	0.56	0.50	0.63	0.42		0.54		0.12	0.41	2.40	0.49	0.51	0.86	0.85	0.44	0.23	0.98	0.25	0.29	0.30	0.77	1.50
2024						0.41	0.70	0.67	0.59	0.41	0.17		0.18	0.35	0.08		0.51	0.46	0.18	0.78	0.49			0.52	0.45	0.30	0.50	0.44					0.12		0.16	0.24	0.13	0.07					0.07		0.16	0.06	0.10		0.04	0.24	0.26	0.19		0.06	0.16			0.06	0.11	0.38	0.22	0.19			0.29	0.22	0.15	0.15		0.66	0.25	0.17	0.11	0.04		0.30		0.15	1.27				0.07	0.45		0.32	0.15	0.06	0.49	0.33	0.10	0.19	0.64			0.05		0.44	0.20										0.11			0.70	0.62	0.13	0.96	1.09	1.37	0.52		0.85	0.72			0.93	1.65	0.98	0.71	0.82	0.14	0.24		0.19	0.27			1.18				0.05			0.15	0.10	0.13			0.68	0.09	0.22	0.22	0.32	0.23	0.19	0.06	0.42	0.15	0.06	0.13	0.07	0.05	0.09	0.67	0.24	0.49	0.47	0.63						0.67		0.90			1.19	0.70	0.30	0.65	0.21		0.55		0.11	0.20	1.99	0.55	0.49	0.76	0.74	0.39							
2025																																						0.09																												0.20																																																																																		0.40																														0.88	0.57		0.38						0.22						0.24							
2026																																																																		0.17																																																																																																																																						
2027																																																																		0.11																																																																																																																																						
